latest.grid
ncols 839
nrows 679
xllcenter 112.0500
yllcenter -43.9500
cellsize 0.0500
nodata_value -99.9900
[rows 238 to 271 of 679, columns 308 to 384 of 839]
24.12 24.19 24.15 24.14 24.16 24.25 24.16 24.23 24.24 24.22 24.13 24.06 24.17 24.18 24.12 24.01 24.03 24.11 24.15 24.15 24.12 24.13 24.11 24.18 24.18 24.10 24.05 24.04 24.05 24.05 24.05 23.96 23.74 23.79 24.10 24.16 24.19 24.24 24.18 24.24 24.17 24.14 24.08 24.11 24.12 24.16 24.15 24.20 24.22 24.19 24.21 24.08 24.12 24.15 24.24 24.25 24.25 24.20 24.15 24.15 24.16 24.03 24.04 24.24 24.29 24.32 24.30 24.29 24.29 24.24 24.09 24.17 24.13 24.16 24.17 24.20 24.16
24.11 24.11 24.05 24.06 24.10 24.12 24.17 24.14 24.13 24.02 24.12 24.15 24.04 24.08 24.02 24.06 24.11 24.09 24.03 24.07 24.06 23.95 24.12 24.18 24.03 23.98 24.03 24.06 24.00 23.99 23.93 23.45 23.61 23.58 23.51 23.27 24.04 24.17 24.14 24.07 24.10 24.10 24.12 24.07 24.10 24.15 24.12 24.13 24.22 24.22 24.18 24.18 24.16 24.16 24.24 24.20 24.14 24.11 24.14 24.24 24.09 24.20 24.23 24.29 24.31 24.36 24.28 24.29 24.18 24.23 24.18 24.17 24.12 24.17 24.09 24.19 24.21
24.14 24.07 24.09 24.12 24.12 24.11 24.14 24.11 23.97 23.95 24.23 24.14 24.18 24.14 24.12 24.03 24.08 24.18 24.19 24.15 24.11 24.09 24.08 24.00 24.03 23.96 24.02 24.06 24.13 24.04 23.72 22.03 22.85 23.79 23.58 22.52 23.72 24.04 24.05 24.01 24.02 24.04 24.12 24.08 24.06 24.16 24.15 24.19 24.14 24.10 24.17 24.12 24.07 24.15 24.15 24.12 24.17 24.17 24.17 24.13 24.20 24.18 24.25 24.28 24.28 24.24 24.25 24.26 24.26 24.21 24.15 24.05 24.17 24.23 24.17 24.12 24.18
24.07 24.03 24.09 24.07 24.14 24.11 24.05 24.14 24.18 24.14 24.06 24.12 24.09 24.11 24.04 24.00 24.03 24.05 24.10 24.00 24.04 24.06 24.02 23.99 24.11 24.05 24.13 24.01 23.99 23.86 21.69 21.68 22.91 23.54 23.85 24.09 24.09 24.07 24.10 24.07 24.09 24.10 24.14 23.98 23.98 24.05 24.08 24.13 24.15 24.07 24.12 24.13 24.16 24.28 24.25 24.16 24.10 24.10 24.15 24.15 24.17 24.16 24.19 24.26 24.23 24.19 24.31 24.22 24.17 24.15 24.15 24.02 24.06 24.18 24.17 24.14 24.09
23.96 24.03 24.11 24.12 24.15 24.09 24.12 24.06 24.10 24.03 24.04 24.07 24.05 24.03 24.08 23.99 23.98 23.98 24.03 24.00 24.01 24.06 23.99 23.92 24.05 24.03 24.05 23.92 23.53 21.52 20.52 22.81 22.79 23.27 23.96 24.13 24.12 24.16 24.08 24.02 24.02 24.08 24.10 24.09 24.00 23.99 24.04 24.10 24.10 24.13 24.18 24.14 24.11 24.12 24.17 24.05 24.15 24.12 24.17 24.12 24.12 24.17 24.18 24.15 24.19 24.19 24.17 24.23 24.22 24.14 24.07 24.15 24.03 24.10 24.11 24.06 23.99
24.18 24.03 24.04 24.02 24.03 23.96 23.89 24.02 23.92 23.91 23.97 24.04 24.02 23.96 24.02 24.00 23.98 23.93 23.98 24.00 23.95 23.96 23.97 23.95 24.02 23.98 23.81 23.51 20.61 18.85 21.05 22.90 23.18 23.55 24.01 24.04 24.06 24.10 24.02 24.04 24.02 24.04 24.06 24.06 24.04 24.01 24.01 24.08 24.13 24.17 24.14 24.08 24.10 24.08 24.10 24.12 24.15 24.17 24.10 24.13 24.13 24.19 24.22 24.22 24.16 24.17 24.14 23.99 24.15 24.18 24.10 24.22 24.19 24.02 24.04 24.14 23.92
24.10 24.04 24.02 24.03 24.09 24.08 24.03 23.98 23.95 23.95 24.01 23.84 24.02 24.05 23.95 23.91 23.90 23.84 23.96 23.97 23.93 23.96 23.93 23.82 23.74 23.71 22.81 19.67 18.42 19.89 21.71 22.36 22.42 23.45 23.94 23.98 23.93 23.92 23.92 23.93 23.95 24.07 24.01 24.05 24.06 23.97 24.04 24.05 24.11 24.12 24.08 24.14 24.15 24.12 24.02 23.97 23.99 24.05 24.09 24.11 24.16 24.14 24.15 24.12 24.19 24.16 24.13 24.18 24.12 24.29 24.19 24.05 24.08 24.15 24.16 24.18 24.10
24.03 23.96 24.00 23.93 23.98 24.02 23.99 23.84 23.98 23.99 24.00 23.96 23.93 23.98 23.99 23.93 24.01 23.96 23.88 23.76 23.66 23.77 23.42 23.16 22.14 20.64 18.19 18.30 20.62 21.41 22.19 22.48 22.33 22.30 23.33 23.65 23.87 23.93 24.00 23.98 23.92 23.98 24.03 23.95 23.98 24.00 23.99 24.00 24.00 24.09 24.10 24.02 24.02 24.05 24.02 24.00 24.08 24.06 24.08 24.07 24.03 24.07 24.16 24.13 24.15 24.12 24.15 24.17 24.22 24.14 24.06 24.14 24.10 24.02 24.01 24.04 24.16
23.92 23.88 24.06 24.02 24.01 23.93 23.97 24.00 23.95 23.92 23.95 23.99 23.92 23.91 23.88 23.97 23.94 23.89 23.83 23.88 24.01 22.22 19.92 20.43 19.46 19.45 19.64 19.99 22.29 21.06 22.06 22.77 22.57 22.14 21.93 22.20 23.19 23.91 24.00 23.99 24.00 24.02 23.99 23.97 24.01 23.98 23.90 24.00 24.08 24.05 24.01 23.99 23.92 24.02 23.99 24.00 24.02 24.00 23.98 23.97 24.03 24.14 24.15 24.07 24.09 24.11 24.17 24.12 24.07 24.20 24.20 24.16 24.11 24.10 24.14 24.07 24.10
23.87 23.94 24.02 24.15 24.02 24.00 23.94 24.05 24.04 24.06 24.03 23.95 23.94 23.99 23.92 23.99 23.82 23.75 23.51 23.02 23.98 22.70 21.55 21.25 20.78 20.26 20.63 20.55 21.27 21.88 22.42 22.94 21.85 22.27 23.00 23.27 23.65 23.90 23.94 23.93 23.91 23.95 23.91 23.89 23.95 23.98 23.94 24.03 24.04 23.99 23.94 23.94 24.08 24.05 24.02 23.95 23.98 23.96 24.04 24.06 23.97 24.10 24.12 24.07 24.10 24.09 24.03 24.09 24.20 24.05 24.08 24.15 24.20 24.12 24.09 24.12 24.03
24.01 24.05 23.81 24.05 24.02 24.12 23.86 24.03 24.06 23.96 24.04 23.95 23.89 23.85 23.79 23.77 23.92 23.94 23.48 24.11 23.66 22.38 20.80 21.70 20.23 18.43 19.86 20.96 21.47 22.14 22.60 22.59 22.73 22.59 23.25 23.79 23.76 23.81 23.83 23.85 23.92 23.97 23.97 23.90 23.92 24.03 24.03 23.97 23.98 24.01 23.94 23.96 24.03 24.02 24.01 23.91 23.85 23.86 24.00 23.99 24.04 24.05 24.08 23.99 23.91 24.03 24.10 24.14 24.02 24.03 24.08 24.11 24.09 24.11 24.09 24.10 23.94
23.98 24.06 23.97 23.90 23.88 24.01 23.96 24.01 24.06 24.03 23.99 23.95 23.80 23.78 23.77 23.38 23.65 23.69 23.87 22.42 22.38 21.79 20.99 19.66 20.23 19.25 18.98 21.09 21.34 21.86 22.40 22.83 23.11 22.56 23.22 23.78 23.77 23.79 23.81 23.81 23.77 23.82 23.88 23.95 23.93 23.96 23.93 23.83 23.86 23.90 23.87 23.87 23.90 23.92 23.95 23.93 23.97 24.00 23.89 23.88 23.89 23.92 24.01 24.04 24.06 24.11 24.09 24.03 24.10 24.14 24.14 24.10 24.08 24.12 24.08 24.11 23.99
23.96 24.00 23.87 23.87 23.93 23.84 23.98 24.04 24.05 24.02 23.93 23.82 23.87 23.82 23.81 23.27 23.82 23.87 23.17 22.00 21.69 20.33 20.50 19.52 20.10 19.97 19.65 19.43 19.93 21.30 21.36 21.96 22.88 23.37 23.78 23.79 23.77 23.79 23.81 23.79 23.79 23.82 23.81 23.83 23.84 23.84 23.90 23.91 23.88 23.83 23.81 23.83 23.85 23.83 23.85 23.84 23.87 23.91 23.91 23.95 23.93 23.91 23.97 23.96 24.03 23.99 24.00 24.02 24.07 24.05 24.11 24.08 24.04 24.05 23.95 23.99 24.00
23.92 23.80 23.80 23.74 23.83 23.89 23.88 24.00 23.90 23.88 23.92 23.87 23.84 23.83 23.82 23.69 23.84 23.82 23.73 23.32 23.16 22.83 21.00 20.70 20.62 19.84 19.83 20.12 19.02 19.89 20.32 23.21 23.74 23.82 23.78 23.79 23.81 23.86 23.80 23.83 23.78 23.75 23.71 23.77 23.85 23.93 23.91 23.92 23.84 23.80 23.82 23.80 23.80 23.84 23.91 23.88 23.81 23.90 24.01 24.02 24.01 24.00 24.09 24.01 24.02 23.95 23.99 23.97 23.95 24.00 24.01 24.02 23.98 24.03 23.96 23.98 24.01
23.77 23.94 23.95 23.85 23.79 23.99 23.91 23.88 23.88 23.86 23.93 23.85 23.85 23.73 23.79 23.75 23.75 23.74 23.73 23.78 23.80 23.76 23.74 23.54 23.39 22.61 21.30 20.15 19.61 19.33 22.55 23.61 23.60 23.74 23.80 23.74 23.79 23.83 23.81 23.82 23.80 23.82 23.82 23.88 23.87 23.88 23.90 23.86 23.83 23.79 23.85 23.84 23.85 23.84 23.87 23.90 23.89 23.92 23.93 23.95 24.01 24.05 24.00 23.97 23.96 23.95 23.93 23.94 23.92 23.95 23.94 23.94 23.93 23.94 23.86 23.95 23.87
23.79 23.91 23.91 23.71 23.81 23.95 23.95 23.87 23.77 23.79 23.82 23.79 23.84 23.81 23.76 23.74 23.77 23.73 23.76 23.79 23.74 23.77 23.74 23.75 23.76 23.80 23.68 23.54 23.15 23.09 23.63 23.72 23.77 23.75 23.73 23.75 23.80 23.81 23.81 23.81 23.85 23.84 23.80 23.81 23.78 23.77 23.72 23.80 23.76 23.73 23.77 23.80 23.82 23.85 23.89 23.91 23.91 23.95 23.91 24.00 23.96 23.94 23.89 23.87 23.92 23.91 23.95 23.88 23.86 23.90 23.93 23.88 23.85 23.90 23.89 23.88 23.87
23.74 23.84 23.92 23.83 23.76 23.84 23.87 23.90 23.87 23.81 23.79 23.86 23.77 23.75 23.81 23.76 23.74 23.75 23.78 23.80 23.76 23.69 23.70 23.73 23.71 23.69 23.70 23.76 23.78 23.75 23.72 23.73 23.85 23.80 23.80 23.73 23.77 23.84 23.85 23.85 23.84 23.79 23.80 23.71 23.62 23.52 23.68 23.63 23.64 23.69 23.66 23.76 23.82 23.77 23.77 23.82 23.82 23.88 23.93 23.98 23.93 23.90 23.92 23.91 23.88 23.90 23.89 23.90 23.88 23.79 23.83 23.83 23.74 23.82 23.82 23.78 23.81
23.70 23.80 23.87 23.74 23.87 23.91 23.87 23.79 23.80 23.82 23.84 23.85 23.81 23.63 23.66 23.78 23.68 23.68 23.71 23.74 23.73 23.77 23.75 23.73 23.74 23.73 23.73 23.75 23.78 23.78 23.75 23.75 23.83 23.83 23.82 23.77 23.69 23.73 23.74 23.76 23.74 23.70 23.66 23.72 23.73 23.77 23.79 23.78 23.73 23.64 23.68 23.68 23.61 23.69 23.73 23.74 23.78 23.85 23.85 23.87 23.87 23.91 23.87 23.79 23.78 23.81 23.87 23.79 23.79 23.84 23.81 23.68 23.74 23.86 23.81 23.68 23.61
23.81 23.77 23.75 23.83 23.86 23.86 23.82 23.85 23.84 23.82 23.82 23.82 23.81 23.82 23.84 23.76 23.67 23.78 23.74 23.68 23.71 23.70 23.71 23.65 23.73 23.78 23.69 23.72 23.72 23.67 23.76 23.78 23.79 23.81 23.76 23.79 23.77 23.75 23.75 23.72 23.71 23.69 23.71 23.75 23.76 23.75 23.79 23.74 23.71 23.71 23.70 23.67 23.71 23.66 23.67 23.72 23.78 23.76 23.79 23.71 23.82 23.72 23.76 23.83 23.85 23.82 23.74 23.84 23.82 23.73 23.74 23.80 23.94 23.70 23.71 23.73 23.75
23.55 23.56 23.60 23.70 23.82 23.84 23.83 23.74 23.76 23.73 23.80 23.79 23.85 23.82 23.82 23.71 23.75 23.66 23.65 23.74 23.75 23.67 23.66 23.74 23.68 23.72 23.60 23.54 23.60 23.76 23.75 23.75 23.66 23.66 23.76 23.78 23.77 23.74 23.73 23.63 23.63 23.63 23.64 23.64 23.64 23.74 23.69 23.67 23.71 23.65 23.66 23.60 23.68 23.60 23.69 23.70 23.67 23.63 23.67 23.76 23.84 23.81 23.82 23.83 23.73 23.67 23.74 23.81 23.78 23.71 23.72 23.76 23.76 23.62 23.68 23.65 23.68
23.79 23.70 23.79 23.76 23.74 23.84 23.80 23.82 23.82 23.76 23.73 23.71 23.68 23.73 23.80 23.79 23.75 23.68 23.57 23.66 23.64 23.56 23.57 23.62 23.65 23.66 23.64 23.73 23.66 23.63 23.71 23.78 23.76 23.78 23.68 23.73 23.71 23.74 23.63 23.56 23.60 23.63 23.62 23.60 23.56 23.51 23.67 23.66 23.70 23.67 23.67 23.66 23.61 23.68 23.69 23.68 23.70 23.67 23.67 23.69 23.71 23.74 23.74 23.76 23.74 23.74 23.59 23.49 23.63 23.68 23.66 23.72 23.69 23.67 23.66 23.63 23.63
23.87 23.77 23.79 23.77 23.80 23.75 23.72 23.68 23.67 23.72 23.71 23.69 23.61 23.47 23.67 23.65 23.70 23.75 23.70 23.69 23.64 23.63 23.61 23.59 23.49 23.45 23.59 23.56 23.53 23.63 23.64 23.72 23.75 23.67 23.75 23.68 23.71 23.67 23.67 23.65 23.62 23.58 23.57 23.51 23.55 23.64 23.72 23.69 23.64 23.66 23.59 23.58 23.65 23.66 23.71 23.70 23.66 23.66 23.73 23.68 23.65 23.65 23.71 23.74 23.71 23.73 23.72 23.63 23.66 23.65 23.66 23.67 23.68 23.66 23.69 23.67 23.65
23.77 23.80 23.79 23.72 23.65 23.58 23.70 23.71 23.71 23.73 23.68 23.62 23.46 23.62 23.72 23.67 23.62 23.52 23.47 23.52 23.49 23.46 23.54 23.56 23.53 23.54 23.60 23.50 23.52 23.52 23.62 23.66 23.72 23.80 23.71 23.68 23.67 23.63 23.67 23.59 23.68 23.68 23.60 23.61 23.62 23.59 23.63 23.62 23.51 23.52 23.50 23.61 23.49 23.67 23.70 23.66 23.67 23.73 23.74 23.72 23.70 23.65 23.67 23.62 23.62 23.63 23.71 23.71 23.53 23.52 23.69 23.59 23.55 23.51 23.54 23.63 23.63
23.63 23.61 23.73 23.76 23.74 23.72 23.58 23.69 23.67 23.69 23.73 23.74 23.60 23.71 23.54 23.58 23.62 23.67 23.61 23.55 23.60 23.57 23.53 23.50 23.43 23.45 23.53 23.53 23.57 23.58 23.50 23.62 23.66 23.73 23.72 23.70 23.69 23.60 23.59 23.58 23.57 23.52 23.56 23.46 23.49 23.49 23.62 23.64 23.56 23.41 23.50 23.56 23.55 23.62 23.66 23.72 23.71 23.74 23.78 23.75 23.67 23.70 23.66 23.63 23.62 23.68 23.65 23.66 23.55 23.57 23.54 23.62 23.59 23.65 23.62 23.60 23.63
23.71 23.60 23.59 23.65 23.71 23.75 23.68 23.69 23.68 23.66 23.63 23.62 23.69 23.65 23.49 23.44 23.40 23.47 23.43 23.48 23.56 23.63 23.56 23.54 23.44 23.34 23.51 23.52 23.48 23.57 23.62 23.62 23.65 23.61 23.58 23.61 23.67 23.59 23.64 23.62 23.57 23.54 23.57 23.51 23.48 23.42 23.45 23.55 23.59 23.55 23.50 23.55 23.60 23.60 23.64 23.65 23.69 23.67 23.70 23.67 23.67 23.69 23.65 23.59 23.66 23.71 23.66 23.60 23.58 23.61 23.58 23.63 23.56 23.59 23.63 23.58 23.57
23.54 23.62 23.69 23.60 23.53 23.58 23.71 23.69 23.64 23.65 23.66 23.66 23.65 23.61 23.39 23.42 23.45 23.45 23.40 23.43 23.38 23.58 23.54 23.49 23.50 23.48 23.50 23.50 23.50 23.58 23.63 23.62 23.65 23.62 23.66 23.64 23.60 23.64 23.72 23.63 23.60 23.57 23.59 23.59 23.51 23.56 23.57 23.52 23.59 23.62 23.61 23.61 23.64 23.63 23.64 23.59 23.59 23.65 23.63 23.64 23.63 23.70 23.65 23.62 23.61 23.66 23.52 23.50 23.55 23.55 23.60 23.56 23.47 23.49 23.53 23.59 23.61
23.70 23.68 23.61 23.66 23.61 23.54 23.56 23.60 23.59 23.64 23.64 23.59 23.59 23.57 23.53 23.55 23.45 23.39 23.45 23.29 23.32 23.55 23.52 23.56 23.54 23.45 23.50 23.45 23.39 23.44 23.55 23.61 23.61 23.61 23.58 23.62 23.63 23.62 23.59 23.57 23.53 23.61 23.55 23.59 23.51 23.50 23.57 23.60 23.60 23.60 23.60 23.57 23.60 23.63 23.65 23.61 23.61 23.69 23.70 23.60 23.62 23.64 23.66 23.71 23.62 23.70 23.62 23.50 23.49 23.48 23.51 23.62 23.48 23.45 23.55 23.62 23.61
23.56 23.58 23.59 23.60 23.61 23.48 23.57 23.53 23.60 23.59 23.59 23.61 23.54 23.46 23.47 23.49 23.46 23.34 23.43 23.38 23.42 23.48 23.46 23.45 23.49 23.35 23.29 23.44 23.47 23.46 23.45 23.51 23.56 23.51 23.55 23.58 23.65 23.61 23.53 23.51 23.46 23.58 23.55 23.49 23.48 23.49 23.50 23.47 23.41 23.46 23.53 23.50 23.51 23.50 23.54 23.63 23.60 23.59 23.63 23.66 23.61 23.64 23.64 23.59 23.58 23.58 23.62 23.59 23.58 23.54 23.58 23.55 23.48 23.43 23.53 23.44 23.56
23.59 23.64 23.60 23.59 23.57 23.59 23.50 23.44 23.46 23.53 23.53 23.49 23.47 23.50 23.53 23.49 23.39 23.28 23.34 23.47 23.51 23.53 23.49 23.49 23.35 23.29 23.41 23.33 23.17 23.31 22.94 22.91 23.20 23.44 23.45 23.57 23.61 23.64 23.51 23.46 23.52 23.48 23.42 23.41 23.46 23.49 23.51 23.55 23.54 23.47 23.47 23.53 23.52 23.54 23.56 23.61 23.68 23.58 23.45 23.54 23.59 23.61 23.59 23.57 23.59 23.54 23.46 23.52 23.56 23.55 23.47 23.48 23.34 23.48 23.49 23.48 23.53
23.41 23.55 23.56 23.57 23.51 23.52 23.50 23.49 23.53 23.50 23.48 23.42 23.47 23.52 23.51 23.42 23.40 23.30 23.25 23.39 23.39 23.44 23.40 23.31 23.28 23.11 22.99 22.90 23.15 23.06 21.89 20.98 19.92 23.26 23.48 23.57 23.61 23.55 23.56 23.61 23.56 23.53 23.52 23.50 23.49 23.49 23.42 23.41 23.40 23.41 23.44 23.42 23.41 23.34 23.50 23.58 23.62 23.66 23.54 23.51 23.64 23.60 23.54 23.51 23.56 23.54 23.44 23.47 23.45 23.57 23.45 23.49 23.45 23.33 23.37 23.50 23.54
23.35 23.39 23.50 23.47 23.50 23.46 23.50 23.54 23.52 23.48 23.38 23.37 23.41 23.42 23.45 23.45 23.43 23.36 23.36 23.43 23.45 23.39 23.32 23.38 23.46 23.34 23.39 23.05 22.97 22.40 22.03 20.12 18.72 23.45 23.55 23.56 23.55 23.42 23.54 23.47 23.51 23.40 23.44 23.45 23.52 23.51 23.41 23.36 23.29 23.35 23.49 23.49 23.49 23.48 23.45 23.49 23.49 23.58 23.54 23.54 23.53 23.50 23.51 23.56 23.43 23.47 23.47 23.48 23.60 23.41 23.42 23.32 23.30 23.39 23.46 23.41 23.46
23.45 23.48 23.44 23.42 23.48 23.45 23.27 23.17 23.42 23.24 23.13 23.29 23.29 23.47 23.48 23.41 23.41 23.42 23.38 23.39 23.36 23.36 23.20 23.42 23.43 23.48 23.47 23.42 23.42 22.71 21.10 16.73 20.31 23.36 23.38 23.33 23.36 23.54 23.54 23.43 23.41 23.45 23.44 23.44 23.45 23.44 23.45 23.43 23.39 23.44 23.45 23.51 23.44 23.53 23.47 23.49 23.46 23.49 23.49 23.48 23.53 23.50 23.57 23.48 23.46 23.49 23.45 23.46 23.37 23.42 23.48 23.41 23.37 23.39 23.43 23.39 23.46
23.43 23.40 23.35 23.38 23.39 23.41 23.43 23.39 23.34 23.28 23.24 23.19 23.25 23.41 23.41 23.38 23.36 23.33 23.35 23.32 23.33 23.27 23.33 23.27 23.24 23.22 23.34 23.41 23.43 23.42 23.26 22.28 22.49 23.20 23.32 23.40 23.46 23.48 23.44 23.44 23.45 23.41 23.41 23.42 23.40 23.40 23.41 23.44 23.44 23.44 23.50 23.48 23.49 23.47 23.47 23.38 23.39 23.39 23.43 23.47 23.45 23.47 23.54 23.51 23.46 23.47 23.44 23.40 23.42 23.29 23.34 23.39 23.39 23.40 23.40 23.40 23.37
23.35 23.38 23.44 23.44 23.43 23.44 23.36 23.39 23.38 23.37 23.36 23.20 23.09 23.13 23.31 23.30 23.33 23.32 23.32 23.38 23.33 23.27 23.31 23.43 23.42 23.34 23.40 23.38 23.37 23.39 23.39 23.33 23.38 23.29 23.29 23.37 23.31 23.35 23.39 23.28 23.35 23.38 23.39 23.39 23.38 23.36 23.36 23.39 23.40 23.46 23.41 23.39 23.37 23.41 23.43 23.35 23.30 23.35 23.38 23.39 23.38 23.35 23.38 23.35 23.36 23.32 23.31 23.41 23.39 23.38 23.37 23.32 23.34 23.34 23.26 23.38 23.39
