latest.grid
ncols 839
nrows 679
xllcenter 112.0500
yllcenter -43.9500
cellsize 0.0500
nodata_value -99.9900
[rows 238 to 271 of 679, columns 0 to 76 of 839]
-99.99 -99.99 -99.99 -99.99 -99.99 -99.99 -99.99 -99.99 -99.99 -99.99 -99.99 -99.99 -99.99 -99.99 -99.99 -99.99 -99.99 -99.99 -99.99 -99.99 -99.99 -99.99 -99.99 -99.99 23.26 22.73 23.30 23.35 23.35 23.35 23.35 23.35 23.35 23.35 23.27 23.27 23.27 23.27 23.01 23.01 22.95 22.88 22.88 22.88 22.88 22.88 22.88 23.30 23.30 23.30 23.30 23.20 23.20 23.44 23.50 22.77 23.27 23.25 23.09 22.98 23.06 23.11 23.18 23.21 23.34 23.27 23.10 23.17 23.14 23.03 23.02 23.06 23.15 23.15 23.04 22.98 23.02
-99.99 -99.99 -99.99 -99.99 -99.99 -99.99 -99.99 -99.99 -99.99 -99.99 -99.99 -99.99 -99.99 -99.99 -99.99 -99.99 -99.99 -99.99 -99.99 -99.99 -99.99 -99.99 -99.99 -99.99 23.26 23.26 23.30 23.35 23.35 23.35 23.35 23.35 23.35 23.35 23.35 23.35 23.27 23.27 23.27 23.05 22.94 22.63 22.63 22.63 22.63 22.63 23.26 23.26 23.26 23.30 23.30 23.30 23.43 23.40 23.20 23.31 23.26 23.12 23.01 23.12 23.15 23.07 23.15 23.17 23.17 23.27 23.24 23.20 23.07 22.97 23.00 23.05 23.15 23.13 23.11 22.98 23.04
-99.99 -99.99 -99.99 -99.99 -99.99 -99.99 -99.99 -99.99 -99.99 -99.99 -99.99 -99.99 -99.99 -99.99 -99.99 -99.99 -99.99 -99.99 -99.99 -99.99 -99.99 -99.99 -99.99 22.74 23.26 23.26 23.30 23.30 23.30 23.35 23.35 23.35 23.35 23.35 23.35 23.35 23.35 22.83 22.83 23.06 22.84 22.63 22.63 22.63 22.63 22.63 23.26 23.26 23.26 23.26 23.44 23.44 23.56 23.66 23.31 23.32 23.22 23.15 22.81 23.18 23.20 23.09 23.00 23.05 23.03 23.27 23.43 23.26 23.21 23.03 23.00 23.04 23.10 23.04 23.11 23.10 23.17
-99.99 -99.99 -99.99 -99.99 -99.99 -99.99 -99.99 -99.99 -99.99 -99.99 -99.99 -99.99 -99.99 -99.99 -99.99 -99.99 -99.99 -99.99 -99.99 -99.99 -99.99 -99.99 -99.99 22.74 23.26 23.26 23.30 23.30 23.30 23.30 23.30 23.30 23.35 23.35 23.35 23.35 23.35 23.35 23.05 22.88 22.32 22.32 22.32 22.63 22.63 22.63 23.12 23.12 23.26 23.26 23.26 23.16 23.16 23.49 23.40 23.17 22.92 22.83 23.11 23.10 23.10 23.10 23.01 22.94 23.02 23.18 23.32 23.25 23.09 23.05 23.18 23.10 23.11 23.06 23.08 23.13 23.20
-99.99 -99.99 -99.99 -99.99 -99.99 -99.99 -99.99 -99.99 -99.99 -99.99 -99.99 -99.99 -99.99 -99.99 -99.99 -99.99 -99.99 -99.99 -99.99 -99.99 -99.99 -99.99 -99.99 22.74 23.26 23.26 23.26 23.30 23.30 23.30 23.30 23.30 23.30 23.30 23.30 23.15 23.15 23.15 23.05 23.02 22.73 22.73 22.73 22.73 22.73 23.12 23.12 23.12 23.12 23.33 23.33 23.14 21.15 23.02 23.34 23.12 23.19 23.06 23.20 23.12 23.16 23.04 23.03 23.09 23.11 23.13 23.07 23.09 23.01 23.01 22.99 23.04 23.00 23.12 23.06 23.09 23.21
-99.99 -99.99 -99.99 -99.99 -99.99 -99.99 -99.99 -99.99 -99.99 -99.99 -99.99 -99.99 -99.99 -99.99 -99.99 -99.99 -99.99 -99.99 -99.99 -99.99 -99.99 -99.99 -99.99 22.74 23.26 23.26 23.26 23.26 23.26 23.30 23.30 23.30 23.30 23.30 23.30 23.30 22.92 22.92 23.12 23.08 22.82 22.82 22.82 22.82 22.82 23.29 23.29 23.12 23.12 23.12 23.22 23.48 22.63 23.30 23.27 23.13 23.18 23.16 23.14 23.21 23.22 23.17 23.00 23.05 23.04 23.05 23.05 23.07 23.04 22.96 23.00 23.01 23.06 23.13 23.11 23.05 23.15
-99.99 -99.99 -99.99 -99.99 -99.99 -99.99 -99.99 -99.99 -99.99 -99.99 -99.99 -99.99 -99.99 -99.99 -99.99 -99.99 -99.99 -99.99 -99.99 -99.99 -99.99 -99.99 -99.99 22.74 23.26 23.26 23.26 23.26 23.26 23.26 23.26 23.30 23.30 23.30 23.30 23.30 23.30 22.86 23.23 23.02 22.80 22.80 22.80 22.51 22.51 23.29 23.29 23.29 23.20 23.20 23.18 23.30 23.19 23.24 23.20 23.14 23.16 23.10 23.11 23.18 23.18 23.14 23.05 23.02 23.01 23.05 23.00 23.10 23.09 22.99 22.98 23.03 23.02 23.19 23.08 23.08 23.10
-99.99 -99.99 -99.99 -99.99 -99.99 -99.99 -99.99 -99.99 -99.99 -99.99 -99.99 -99.99 -99.99 -99.99 -99.99 -99.99 -99.99 -99.99 -99.99 -99.99 -99.99 -99.99 -99.99 22.74 22.74 22.74 23.26 23.26 23.26 23.26 23.26 23.26 22.73 22.73 23.07 23.07 23.07 23.17 23.20 22.90 22.32 22.32 22.51 22.51 22.51 23.24 23.29 23.29 23.29 23.17 22.66 22.95 23.15 23.13 23.12 23.10 23.02 23.03 23.03 23.07 23.11 23.11 23.11 22.92 22.97 23.04 22.95 23.13 23.11 22.90 22.90 22.91 23.01 23.10 23.08 23.10 23.14
-99.99 -99.99 -99.99 -99.99 -99.99 -99.99 -99.99 -99.99 -99.99 -99.99 -99.99 -99.99 -99.99 -99.99 -99.99 -99.99 -99.99 -99.99 -99.99 -99.99 -99.99 -99.99 -99.99 22.74 22.74 22.74 22.74 22.74 23.26 23.26 23.26 23.26 23.26 22.73 22.73 23.09 23.09 23.08 23.24 22.31 21.63 22.51 22.51 22.51 22.51 23.24 23.24 23.07 23.07 23.12 22.29 23.09 23.10 23.09 23.01 23.00 23.11 23.07 23.04 23.05 23.02 23.11 23.10 22.74 22.90 22.90 22.96 23.06 23.14 22.93 22.99 22.95 23.04 23.12 23.19 23.16 23.03
-99.99 -99.99 -99.99 -99.99 -99.99 -99.99 -99.99 -99.99 -99.99 -99.99 -99.99 -99.99 -99.99 -99.99 -99.99 -99.99 -99.99 -99.99 -99.99 -99.99 -99.99 -99.99 -99.99 22.74 22.74 22.74 22.74 22.74 22.74 22.74 23.26 23.26 23.26 23.26 22.73 22.73 23.20 23.30 23.20 22.61 21.93 22.75 22.75 22.75 22.81 23.24 23.24 23.24 23.10 23.37 23.20 23.06 23.06 22.93 22.73 23.15 23.18 23.14 23.13 23.10 23.12 23.13 23.12 23.05 23.05 23.01 23.00 23.10 22.99 22.99 22.99 22.98 23.07 23.13 23.18 23.04 22.95
-99.99 -99.99 -99.99 -99.99 -99.99 -99.99 -99.99 -99.99 -99.99 -99.99 -99.99 -99.99 -99.99 -99.99 -99.99 -99.99 -99.99 -99.99 -99.99 -99.99 -99.99 -99.99 -99.99 22.74 22.74 22.74 22.74 22.74 22.74 22.74 22.74 22.74 23.26 23.26 23.26 22.91 23.30 23.15 23.21 23.04 23.09 22.75 22.75 22.81 22.81 22.81 22.92 22.92 23.14 23.41 22.78 23.01 22.91 22.67 22.77 22.98 23.03 23.09 23.16 23.12 23.15 23.19 23.12 22.98 23.19 23.17 23.01 22.95 22.97 23.00 22.94 22.92 23.01 23.09 23.04 22.97 22.98
-99.99 -99.99 -99.99 -99.99 -99.99 -99.99 -99.99 -99.99 -99.99 -99.99 -99.99 -99.99 -99.99 -99.99 -99.99 -99.99 -99.99 -99.99 -99.99 -99.99 -99.99 -99.99 -99.99 22.74 22.74 22.74 22.74 22.74 22.74 22.74 22.74 22.74 22.74 22.88 22.88 23.14 23.12 23.29 23.29 23.21 23.10 23.10 22.96 22.81 22.81 22.81 23.24 23.24 22.70 22.93 22.84 22.73 22.55 22.80 22.95 22.97 23.01 22.88 23.05 23.13 23.19 23.15 23.15 23.03 23.10 23.18 23.15 23.07 22.99 22.94 22.95 22.98 22.97 23.03 22.95 22.85 22.88
-99.99 -99.99 -99.99 -99.99 -99.99 -99.99 -99.99 -99.99 -99.99 -99.99 -99.99 -99.99 -99.99 -99.99 -99.99 -99.99 -99.99 -99.99 -99.99 -99.99 -99.99 -99.99 -99.99 22.74 22.74 22.74 22.74 22.74 22.74 22.74 22.74 22.74 22.74 22.74 23.04 23.19 23.24 23.32 23.30 22.91 23.23 23.08 22.96 22.98 22.93 22.92 23.04 23.08 22.57 22.83 22.73 22.67 22.30 22.85 22.95 22.97 22.92 23.01 22.98 23.03 22.96 22.98 23.02 23.04 22.99 22.99 22.95 22.92 22.95 22.87 22.91 22.89 22.90 23.01 22.95 22.81 22.78
-99.99 -99.99 -99.99 -99.99 -99.99 -99.99 -99.99 -99.99 -99.99 -99.99 -99.99 -99.99 -99.99 -99.99 -99.99 -99.99 -99.99 -99.99 -99.99 -99.99 -99.99 -99.99 -99.99 23.11 23.11 23.11 23.11 23.11 23.11 23.11 23.11 23.11 23.11 23.11 23.04 23.10 23.28 23.25 23.34 23.21 23.22 23.11 22.88 22.86 22.94 22.73 22.73 22.48 22.79 23.01 22.71 22.29 22.67 22.88 22.94 22.88 22.74 23.02 23.04 22.85 22.69 22.63 22.36 22.76 22.91 22.56 22.87 22.86 22.76 22.73 22.84 22.71 22.85 23.08 22.94 22.97 22.94
-99.99 -99.99 -99.99 -99.99 -99.99 -99.99 -99.99 -99.99 -99.99 -99.99 -99.99 -99.99 -99.99 -99.99 -99.99 -99.99 -99.99 -99.99 -99.99 -99.99 -99.99 -99.99 -99.99 23.20 23.20 23.20 23.20 23.20 23.20 23.20 23.20 23.20 23.20 23.20 23.10 23.05 23.30 23.22 23.19 23.38 23.24 23.12 22.87 22.80 22.87 22.74 22.50 22.38 22.90 22.85 22.29 22.53 22.79 22.85 22.86 22.72 22.75 23.07 22.96 22.73 22.43 22.50 22.38 22.60 22.94 22.84 22.82 22.72 22.76 22.81 22.80 22.74 22.82 22.94 23.01 22.93 22.94
-99.99 -99.99 -99.99 -99.99 -99.99 -99.99 -99.99 -99.99 -99.99 -99.99 -99.99 -99.99 -99.99 -99.99 -99.99 -99.99 -99.99 -99.99 -99.99 -99.99 -99.99 -99.99 -99.99 23.11 23.11 23.11 23.11 23.11 23.11 23.11 23.11 23.11 23.11 23.11 22.95 22.92 23.21 22.88 22.99 23.34 23.12 23.11 22.97 22.90 22.91 22.85 22.83 22.76 22.72 22.30 22.60 22.91 22.94 22.61 22.75 22.74 22.88 23.02 22.98 22.76 22.43 22.70 22.74 22.95 23.10 23.03 22.92 22.79 22.78 22.94 22.92 22.85 22.79 22.98 23.00 22.92 22.85
-99.99 -99.99 -99.99 -99.99 -99.99 -99.99 -99.99 -99.99 -99.99 -99.99 -99.99 -99.99 -99.99 -99.99 -99.99 -99.99 -99.99 -99.99 -99.99 -99.99 -99.99 -99.99 -99.99 23.11 23.11 23.11 23.11 23.11 23.11 23.11 23.11 23.11 23.11 23.11 23.10 23.18 23.18 22.60 22.63 23.22 23.01 23.07 23.06 22.83 22.89 22.87 22.86 22.75 23.00 22.91 22.80 22.94 22.87 22.70 22.73 22.82 22.84 22.94 23.09 22.96 22.46 22.62 23.00 23.01 23.03 23.07 23.06 22.98 22.93 22.99 23.04 22.98 22.91 23.00 22.96 22.92 22.95
-99.99 -99.99 -99.99 -99.99 -99.99 -99.99 -99.99 -99.99 -99.99 -99.99 -99.99 -99.99 -99.99 -99.99 -99.99 -99.99 -99.99 -99.99 -99.99 -99.99 -99.99 -99.99 -99.99 23.11 23.11 23.11 23.11 23.11 23.11 23.11 23.11 23.11 23.11 23.10 23.10 23.11 23.14 23.22 23.14 23.05 22.97 22.98 23.04 23.03 22.87 22.66 22.85 22.93 23.07 22.80 22.75 22.93 22.84 22.57 22.81 22.83 22.90 22.93 23.10 23.08 22.82 22.92 22.99 23.09 23.01 23.05 23.07 22.95 22.99 22.99 23.02 23.00 22.99 22.90 22.93 22.98 22.95
-99.99 -99.99 -99.99 -99.99 -99.99 -99.99 -99.99 -99.99 -99.99 -99.99 -99.99 -99.99 -99.99 -99.99 -99.99 -99.99 -99.99 -99.99 -99.99 -99.99 -99.99 -99.99 -99.99 23.11 23.11 23.11 23.11 23.11 23.11 23.11 23.11 23.11 23.10 23.05 23.05 23.05 23.00 23.03 23.19 23.05 22.98 23.03 22.94 22.81 23.09 22.62 22.77 22.93 22.91 22.83 22.87 22.98 22.99 22.85 22.75 22.84 22.89 22.83 22.87 22.87 22.92 23.01 23.01 23.05 22.99 22.93 22.99 22.98 22.97 22.96 22.96 22.93 22.96 22.92 22.92 22.94 23.06
-99.99 -99.99 -99.99 -99.99 -99.99 -99.99 -99.99 -99.99 -99.99 -99.99 -99.99 -99.99 -99.99 -99.99 -99.99 -99.99 -99.99 -99.99 -99.99 -99.99 -99.99 -99.99 -99.99 23.11 23.11 23.11 23.11 23.11 23.11 23.11 23.11 23.05 23.05 23.05 23.05 23.05 23.01 22.92 23.11 22.97 22.86 22.93 22.67 22.85 22.81 22.77 22.84 22.85 22.77 22.85 22.96 22.98 23.05 22.99 22.81 22.75 22.75 22.72 22.68 22.88 22.92 22.95 22.93 22.97 22.95 22.83 22.90 22.93 22.98 22.93 22.84 22.85 22.92 22.95 22.89 22.94 23.07
-99.99 -99.99 -99.99 -99.99 -99.99 -99.99 -99.99 -99.99 -99.99 -99.99 -99.99 -99.99 -99.99 -99.99 -99.99 -99.99 -99.99 -99.99 -99.99 -99.99 -99.99 -99.99 -99.99 23.11 23.11 23.11 23.11 23.11 23.11 23.05 23.05 23.05 23.05 23.05 23.03 23.03 23.03 22.94 23.11 23.04 22.80 22.95 22.88 22.73 22.84 22.69 22.83 22.86 22.80 22.67 22.89 23.00 23.04 23.04 22.91 22.80 22.66 22.68 22.75 22.96 23.00 22.98 22.85 22.95 22.85 22.87 22.97 22.85 22.84 22.69 22.70 22.71 22.82 22.76 22.79 22.89 23.05
-99.99 -99.99 -99.99 -99.99 -99.99 -99.99 -99.99 -99.99 -99.99 -99.99 -99.99 -99.99 -99.99 -99.99 -99.99 -99.99 -99.99 -99.99 -99.99 -99.99 -99.99 -99.99 -99.99 23.11 23.11 23.11 23.11 23.11 23.05 23.05 23.05 23.05 23.01 23.01 23.01 23.01 23.01 23.04 23.06 22.93 22.72 22.98 22.94 22.86 22.71 22.84 22.87 22.85 22.83 22.69 22.70 22.88 22.90 22.77 22.80 22.81 22.72 22.79 22.86 22.86 22.91 22.85 22.82 22.90 22.91 22.94 22.92 22.90 22.73 22.58 22.59 22.66 22.87 22.77 22.81 22.90 23.00
-99.99 -99.99 -99.99 -99.99 -99.99 -99.99 -99.99 -99.99 -99.99 -99.99 -99.99 -99.99 -99.99 -99.99 -99.99 -99.99 -99.99 -99.99 -99.99 -99.99 -99.99 -99.99 -99.99 23.11 23.11 22.90 22.90 22.90 22.90 22.90 22.90 22.90 22.90 22.90 22.59 22.59 22.59 23.03 23.07 22.93 22.87 22.91 22.96 22.91 22.82 22.86 22.70 22.66 22.79 22.67 22.80 22.82 23.06 22.85 22.85 22.85 22.74 22.77 22.82 22.85 22.93 22.83 22.73 22.76 22.85 22.97 23.00 22.83 22.64 22.61 22.57 22.70 22.94 22.98 22.91 22.98 22.92
-99.99 -99.99 -99.99 -99.99 -99.99 -99.99 -99.99 -99.99 -99.99 -99.99 -99.99 -99.99 -99.99 -99.99 -99.99 -99.99 -99.99 -99.99 -99.99 -99.99 -99.99 -99.99 -99.99 23.11 23.11 22.90 22.90 22.90 22.90 22.90 22.90 22.90 22.90 22.90 22.90 22.71 22.71 22.99 23.06 22.91 22.85 22.88 22.76 22.81 22.64 22.80 22.77 22.81 22.84 22.86 22.86 22.66 22.60 22.70 22.77 22.94 22.89 22.83 22.85 22.89 22.87 22.78 22.78 22.77 22.93 22.92 22.88 22.79 22.72 22.79 22.76 22.87 22.83 22.93 22.98 22.88 22.83
-99.99 -99.99 -99.99 -99.99 -99.99 -99.99 -99.99 -99.99 -99.99 -99.99 -99.99 -99.99 -99.99 -99.99 -99.99 -99.99 -99.99 -99.99 -99.99 -99.99 -99.99 -99.99 22.45 23.11 23.11 22.90 22.90 22.90 22.90 22.90 22.90 22.90 22.90 22.90 22.90 22.90 23.05 22.97 23.05 22.91 22.83 22.86 22.86 22.64 22.48 22.75 22.66 22.76 22.70 22.82 22.91 22.72 22.63 22.72 22.79 22.88 22.86 22.78 22.87 22.91 22.90 22.80 22.75 22.69 22.78 22.74 22.75 22.86 22.75 22.84 22.79 22.90 22.93 22.95 22.94 22.96 22.87
-99.99 -99.99 -99.99 -99.99 -99.99 -99.99 -99.99 -99.99 -99.99 -99.99 -99.99 -99.99 -99.99 -99.99 -99.99 -99.99 -99.99 -99.99 -99.99 -99.99 -99.99 22.68 22.45 22.45 22.44 22.88 22.88 22.88 22.88 22.88 22.88 22.88 22.88 22.88 22.88 22.88 22.94 23.04 22.97 22.83 22.86 22.76 22.76 22.76 22.71 22.76 22.59 22.78 22.88 22.79 22.80 22.78 22.62 22.67 22.82 22.78 22.81 22.77 22.77 22.83 22.86 22.75 22.69 22.65 22.72 22.79 22.81 22.87 22.87 22.87 22.85 22.94 22.86 22.91 22.94 22.92 22.86
-99.99 -99.99 -99.99 -99.99 -99.99 -99.99 -99.99 -99.99 -99.99 -99.99 -99.99 -99.99 -99.99 -99.99 -99.99 -99.99 -99.99 -99.99 -99.99 -99.99 -99.99 22.68 22.68 22.45 22.45 22.86 22.86 22.86 22.86 22.86 22.86 22.86 22.86 22.86 22.86 22.86 22.71 22.99 22.89 22.80 22.78 22.64 22.63 22.78 22.69 22.71 22.62 22.77 22.76 22.71 22.72 22.09 22.40 22.71 22.72 22.71 22.65 22.64 22.70 22.74 22.68 22.76 22.68 22.72 22.82 22.85 22.90 22.80 22.87 22.75 22.90 22.92 22.77 22.89 22.91 22.83 22.88
-99.99 -99.99 -99.99 -99.99 -99.99 -99.99 -99.99 -99.99 -99.99 -99.99 -99.99 -99.99 -99.99 -99.99 -99.99 -99.99 -99.99 -99.99 -99.99 -99.99 22.58 22.68 22.68 22.68 22.45 22.45 22.85 22.85 22.85 22.85 22.85 22.85 22.85 22.85 22.85 22.85 22.81 22.90 22.74 22.69 22.73 22.77 22.68 22.78 22.80 22.74 22.67 22.84 22.76 22.61 22.63 22.18 22.51 22.66 22.66 22.73 22.66 22.57 22.50 22.62 22.68 22.75 22.76 22.70 22.71 22.75 22.81 22.86 22.71 22.67 22.87 22.77 22.84 22.92 22.79 22.84 22.89
-99.99 -99.99 -99.99 -99.99 -99.99 -99.99 -99.99 -99.99 -99.99 -99.99 -99.99 -99.99 -99.99 -99.99 -99.99 -99.99 -99.99 -99.99 -99.99 -99.99 22.58 22.68 22.68 22.68 22.68 22.45 22.45 22.44 22.82 22.82 22.82 22.82 22.82 22.82 22.82 22.82 22.82 22.91 22.80 22.65 22.61 22.66 22.45 22.72 22.77 22.64 22.68 22.68 22.28 22.54 22.44 22.24 22.61 22.70 22.68 22.70 22.77 22.80 22.58 22.51 22.60 22.70 22.78 22.67 22.68 22.75 22.61 22.84 22.73 22.77 22.79 22.78 22.81 22.88 22.85 22.86 22.86
-99.99 -99.99 -99.99 -99.99 -99.99 -99.99 -99.99 -99.99 -99.99 -99.99 -99.99 -99.99 -99.99 -99.99 -99.99 -99.99 -99.99 -99.99 -99.99 22.59 22.58 22.68 22.68 22.68 22.68 22.68 22.45 22.45 22.44 22.44 22.77 22.77 22.77 22.77 22.77 22.77 22.59 22.77 22.75 22.70 22.64 22.52 22.55 22.68 22.60 22.42 22.30 22.47 22.54 22.56 21.99 22.64 22.78 22.64 22.61 22.68 22.75 22.81 22.74 22.69 22.53 22.40 22.56 22.70 22.69 22.75 22.68 22.81 22.86 22.87 22.89 22.87 22.87 22.89 22.90 22.85 22.87
-99.99 -99.99 -99.99 -99.99 -99.99 -99.99 -99.99 -99.99 -99.99 -99.99 -99.99 -99.99 -99.99 -99.99 -99.99 -99.99 -99.99 -99.99 -99.99 22.59 22.58 22.68 22.68 22.68 22.68 22.68 22.68 22.45 22.45 22.44 22.44 22.31 22.31 22.77 22.77 22.77 22.74 22.74 22.67 22.33 22.53 22.58 22.28 22.46 22.70 22.43 22.56 22.80 22.56 22.62 22.50 22.72 22.66 22.59 22.64 22.63 22.71 22.74 22.74 22.70 22.65 22.48 22.37 22.56 22.71 22.82 22.76 22.86 22.86 22.86 22.89 22.88 22.86 22.94 22.91 22.87 22.83
-99.99 -99.99 -99.99 -99.99 -99.99 -99.99 -99.99 -99.99 -99.99 -99.99 -99.99 -99.99 -99.99 -99.99 -99.99 -99.99 -99.99 -99.99 -99.99 22.59 22.58 22.68 22.68 22.68 22.68 22.68 22.68 22.68 22.45 22.45 22.44 22.44 22.31 22.31 22.44 22.44 22.58 22.63 22.79 22.32 22.46 22.70 22.46 22.75 22.63 22.37 22.17 22.70 22.69 22.64 22.48 22.26 22.57 22.51 22.71 22.53 22.45 22.67 22.66 22.64 22.60 22.66 22.55 22.47 22.71 22.83 22.86 22.86 22.85 22.88 22.90 22.93 22.87 22.85 22.84 22.75 22.78
-99.99 -99.99 -99.99 -99.99 -99.99 -99.99 -99.99 -99.99 -99.99 -99.99 -99.99 -99.99 -99.99 -99.99 -99.99 -99.99 -99.99 -99.99 22.53 22.59 22.58 22.58 22.58 22.68 22.68 22.68 22.68 22.68 22.68 22.45 22.45 22.44 22.44 22.31 22.31 22.57 22.51 22.42 22.66 22.56 22.52 22.80 22.68 22.73 22.68 22.38 22.15 22.37 22.47 22.47 22.26 22.44 22.66 22.57 22.43 22.33 22.40 22.44 22.45 22.51 22.54 22.67 22.68 22.66 22.74 22.79 22.88 22.89 22.86 22.84 22.83 22.89 22.90 22.85 22.91 22.81 22.66
-99.99 -99.99 -99.99 -99.99 -99.99 -99.99 -99.99 -99.99 -99.99 -99.99 -99.99 -99.99 -99.99 -99.99 -99.99 -99.99 -99.99 -99.99 22.53 22.59 22.58 22.58 22.58 22.58 22.58 22.68 22.68 22.68 22.68 22.68 22.45 22.45 22.44 22.44 22.67 22.57 22.49 22.69 22.67 22.61 22.54 22.68 22.63 22.65 22.51 22.33 22.05 21.98 22.25 22.62 22.58 22.63 22.65 22.56 22.53 22.54 22.53 22.45 22.36 22.44 22.53 22.69 22.60 22.79 22.73 22.78 22.78 22.79 22.83 22.78 22.66 22.84 22.84 22.90 22.79 22.91 22.83
