latest.grid
ncols 839
nrows 679
xllcenter 112.0500
yllcenter -43.9500
cellsize 0.0500
nodata_value -99.9900
[rows 374 to 407 of 679, columns 308 to 384 of 839]
17.08 16.42 16.17 16.43 15.97 15.81 15.96 15.67 16.35 16.60 17.52 18.21 18.95 18.15 18.22 17.00 16.59 17.89 17.64 18.60 18.65 18.98 19.56 19.38 19.51 19.48 19.36 19.15 19.37 19.77 20.06 19.85 19.93 19.86 19.92 19.90 19.93 20.07 20.19 20.47 20.06 19.94 20.10 19.79 19.87 20.00 20.30 20.26 20.57 20.31 20.06 20.25 20.31 20.37 20.42 20.47 20.24 19.98 20.08 20.20 20.38 20.19 19.99 19.78 20.04 19.96 19.88 19.72 19.98 20.04 19.76 19.35 19.10 18.96 19.06 19.08 19.33
16.26 16.36 15.58 15.04 14.28 15.62 16.53 15.06 16.64 17.42 17.07 17.34 18.09 17.98 17.68 16.66 16.95 17.90 17.33 18.32 19.06 18.95 19.08 19.31 19.24 19.02 19.03 18.96 19.46 19.83 20.21 19.93 19.76 19.73 19.21 19.48 19.58 19.35 19.70 20.16 19.71 19.75 20.05 19.65 19.28 19.43 20.17 20.46 20.61 20.21 20.16 20.10 20.46 20.23 20.27 20.27 20.10 19.88 20.02 20.29 20.26 20.12 20.15 20.05 19.75 19.80 19.66 19.79 19.82 19.88 19.82 19.66 19.48 19.37 19.28 19.23 19.15
15.56 15.58 15.27 14.22 14.00 15.45 15.46 15.66 17.24 17.47 16.80 16.56 17.14 17.53 17.44 16.96 17.55 17.21 17.58 17.97 18.90 18.71 18.53 18.47 19.08 18.80 18.31 18.70 19.12 19.55 19.84 19.43 19.25 19.34 19.38 19.43 19.44 18.86 19.31 20.11 20.14 19.77 20.10 19.78 19.77 19.96 20.24 20.36 20.39 20.28 20.46 20.29 19.99 19.98 20.13 20.16 19.96 19.85 20.06 20.20 20.04 19.93 19.89 19.82 19.61 19.53 19.44 19.75 19.85 19.99 19.88 19.63 19.34 19.26 19.26 19.18 19.02
15.25 14.17 14.52 14.65 14.17 14.62 14.56 15.49 16.27 15.95 16.50 16.26 16.36 17.35 17.20 17.16 17.67 18.09 17.90 17.54 17.94 18.26 18.13 18.46 19.05 18.88 18.29 18.51 18.57 19.13 19.58 18.95 19.21 19.46 19.46 19.37 19.11 18.37 18.92 19.57 19.74 19.79 19.79 19.56 19.92 20.01 20.11 20.16 20.14 20.36 20.19 20.09 20.10 20.08 19.97 19.86 19.70 19.79 19.77 19.90 19.57 19.49 19.56 19.47 19.11 19.04 19.64 19.84 19.83 19.92 19.88 19.71 19.52 19.33 19.25 19.16 19.12
14.59 13.71 13.86 14.60 14.55 14.61 14.62 15.25 15.52 15.51 15.82 15.77 15.63 16.28 16.72 17.41 17.76 18.39 18.43 17.60 17.94 17.98 17.95 18.14 18.66 18.43 18.44 19.37 19.06 19.09 19.39 19.26 19.62 19.90 19.14 19.00 18.77 18.58 18.92 19.37 19.99 19.57 19.33 18.94 19.54 19.98 19.84 19.83 20.07 20.12 20.12 19.87 20.16 20.07 19.61 19.56 19.80 19.80 19.54 19.45 19.38 19.04 19.22 18.80 18.69 19.02 19.30 19.66 19.79 19.84 19.78 19.71 19.69 19.44 19.28 19.14 19.03
14.14 13.06 13.61 13.68 14.68 15.34 14.78 14.89 15.10 15.19 15.38 15.56 15.75 15.37 16.38 17.31 17.63 18.06 17.37 17.61 17.96 17.81 18.21 18.23 18.21 18.25 18.86 19.16 19.35 19.28 19.38 19.43 19.58 19.65 18.96 18.46 18.39 18.60 19.37 19.59 20.06 19.84 19.52 19.32 19.57 19.67 19.71 19.91 19.98 19.92 19.58 19.77 19.84 20.00 20.00 19.69 19.64 19.82 19.59 19.32 19.26 18.83 18.64 18.36 18.26 18.87 19.15 19.39 19.67 19.83 19.78 19.73 19.68 19.37 19.25 19.06 18.94
13.67 13.62 13.84 13.63 14.25 14.95 14.92 14.93 14.89 14.63 14.83 15.69 15.67 15.14 15.86 16.07 16.64 17.51 17.58 17.19 17.71 17.97 17.93 18.91 17.94 18.67 19.18 19.00 19.10 19.15 19.44 19.18 19.46 19.65 19.22 19.39 18.94 19.01 19.45 19.67 20.07 19.88 19.65 19.66 19.55 19.44 19.57 19.86 19.84 19.78 19.36 19.51 19.60 19.68 19.84 19.46 19.44 19.59 19.43 19.35 19.13 18.77 18.56 18.68 18.68 18.81 19.16 19.25 19.44 19.80 19.77 19.59 19.39 19.13 19.08 18.90 18.69
13.62 14.68 15.05 14.76 14.62 14.86 15.27 15.44 14.67 14.81 15.44 16.35 16.09 15.51 15.48 16.12 16.52 17.18 17.49 17.38 17.49 17.82 18.65 18.19 17.66 18.36 19.11 19.11 19.10 19.12 19.25 18.76 19.09 18.94 19.12 19.24 19.72 18.90 19.33 19.73 19.89 19.70 19.63 19.43 19.39 19.45 19.60 19.73 19.76 19.59 19.32 19.44 19.58 19.17 19.06 19.30 19.29 19.38 19.54 19.19 19.06 18.75 18.69 18.96 19.29 19.31 19.34 19.69 19.80 19.73 19.75 19.66 19.02 18.70 18.90 18.74 18.46
13.68 13.91 14.91 15.42 14.71 15.24 15.52 14.97 15.30 15.99 16.20 16.35 15.91 15.58 15.15 15.82 15.94 16.94 17.80 17.51 17.85 17.72 17.62 17.57 17.99 18.13 18.48 18.52 19.31 19.42 19.01 18.63 18.92 18.80 18.63 19.18 19.36 19.09 19.50 19.66 19.65 19.89 19.69 19.43 19.28 19.42 19.53 19.81 19.52 19.15 19.68 19.56 19.13 18.91 18.92 19.08 18.84 19.17 19.25 18.75 18.98 18.78 18.59 18.88 19.28 19.35 19.29 19.43 19.42 19.10 19.14 19.11 18.49 18.30 18.96 18.28 18.47
14.11 13.45 13.52 14.22 14.15 14.41 14.63 15.15 15.30 16.09 15.99 15.86 15.95 15.31 15.99 15.83 16.03 17.14 17.04 17.32 17.81 17.81 17.87 17.85 17.95 18.22 17.89 18.01 18.80 18.97 18.89 18.84 19.13 18.76 18.87 18.98 18.86 19.17 19.24 19.48 19.62 19.98 19.68 19.07 19.27 19.44 19.46 19.76 19.23 19.05 19.57 19.53 19.13 18.92 18.67 18.73 18.27 18.86 19.08 18.69 18.75 18.67 18.44 18.69 19.02 19.17 18.99 19.06 19.12 19.13 19.25 18.85 19.02 18.48 18.57 18.24 18.16
14.16 13.45 12.74 12.65 13.54 14.06 14.37 14.85 15.47 16.18 15.92 15.81 16.19 16.15 15.91 15.61 16.38 16.94 16.67 16.82 17.18 17.34 17.80 17.26 17.87 18.49 18.40 18.75 18.32 18.65 19.09 19.21 19.39 18.66 19.12 18.91 18.84 19.45 19.34 19.15 19.04 19.33 19.27 18.83 18.88 19.25 19.39 19.40 19.43 19.01 19.40 19.41 19.03 18.73 18.89 19.06 18.54 18.91 18.86 18.61 18.62 18.62 18.47 18.16 18.60 18.96 18.89 18.77 18.90 19.12 18.85 18.43 18.75 18.54 18.08 18.45 18.10
13.92 14.19 13.02 12.96 13.64 13.16 14.55 14.88 15.62 15.88 15.36 15.75 16.12 16.74 16.36 16.76 16.57 16.96 17.09 16.26 16.50 16.79 17.25 17.39 17.75 17.75 18.43 18.28 17.92 17.91 18.90 19.19 19.20 18.59 19.05 18.60 19.08 19.37 19.28 18.83 18.76 18.99 18.93 18.58 19.16 19.23 18.86 18.64 19.27 19.24 19.45 19.29 19.30 19.22 19.04 19.01 18.84 18.73 18.63 18.59 18.52 18.57 18.39 18.30 18.69 18.94 18.97 18.87 18.80 18.88 18.52 18.43 18.94 18.33 17.97 17.75 17.88
14.41 13.65 13.82 13.69 14.07 15.17 15.57 15.19 15.22 15.27 15.09 15.30 15.66 16.43 16.62 16.31 16.43 16.79 16.52 16.19 16.29 16.76 16.96 17.64 18.01 17.86 18.25 18.35 17.60 17.90 18.36 18.83 18.81 19.15 18.80 18.97 18.86 18.72 19.04 18.60 18.50 18.45 18.47 18.65 19.10 18.71 18.24 18.69 19.43 19.42 19.59 19.37 19.61 19.46 19.25 18.80 18.66 18.93 18.53 18.39 18.31 18.46 18.43 18.54 18.80 18.85 19.03 18.96 18.73 18.73 18.59 18.66 18.54 18.37 18.38 17.83 18.00
13.46 14.02 13.92 13.97 15.12 16.51 15.62 15.89 15.40 14.93 14.83 14.67 15.68 15.91 16.01 15.93 16.14 16.53 16.20 16.46 16.32 16.20 16.81 17.29 17.50 18.24 18.37 18.21 18.02 17.94 18.30 19.15 18.24 18.86 18.80 18.80 18.92 19.29 18.83 18.62 18.37 18.03 18.11 18.14 18.80 18.80 18.80 19.06 19.19 19.35 19.50 19.53 19.51 19.51 19.18 18.83 18.71 18.80 18.59 18.45 18.52 18.72 18.40 18.54 18.65 18.79 19.03 18.93 18.69 18.57 18.23 18.08 18.33 18.16 18.68 18.44 18.53
14.12 14.39 14.25 14.05 15.14 16.14 15.69 15.56 14.81 14.74 14.68 14.40 15.49 15.76 15.78 15.68 15.65 15.92 16.25 16.43 16.09 15.94 16.41 16.99 17.36 17.57 18.04 17.98 17.69 17.66 18.14 19.16 18.49 18.56 18.46 18.84 19.13 19.25 18.72 18.53 18.43 18.39 17.80 18.32 18.40 19.09 19.28 19.24 19.16 19.40 19.47 19.63 19.40 19.38 19.15 18.86 18.73 18.81 18.83 18.77 18.68 18.59 18.54 18.67 18.87 18.95 18.83 18.73 18.48 18.04 17.93 18.06 18.44 18.88 18.50 18.42 18.15
13.89 13.82 13.41 13.67 15.00 15.19 14.86 14.58 14.63 14.69 14.51 14.59 15.03 15.47 15.49 15.31 15.19 15.73 15.68 15.85 15.82 15.83 16.31 16.69 17.19 17.48 17.81 18.08 17.76 18.01 18.22 18.41 18.28 18.17 18.01 18.88 18.89 18.92 18.65 19.04 18.41 18.42 18.23 18.15 18.21 18.67 18.88 19.24 19.26 19.23 19.22 19.27 19.13 19.24 18.96 18.65 18.67 18.57 18.62 18.77 18.64 18.78 18.95 19.05 19.03 18.82 18.69 18.59 18.50 18.15 17.80 18.49 18.86 18.99 18.40 18.21 18.10
13.40 12.48 12.67 13.68 13.58 14.57 14.55 14.37 14.43 14.86 14.49 14.75 14.76 15.29 15.40 15.37 15.07 14.96 15.09 15.77 15.68 15.84 15.89 16.49 16.60 17.10 17.43 18.03 17.58 18.06 18.15 18.00 18.11 18.02 18.42 18.35 18.89 18.71 18.62 18.93 18.45 18.25 18.09 18.20 18.01 18.44 18.62 18.89 19.11 19.13 18.88 18.73 18.77 18.81 18.76 18.71 18.66 18.50 18.47 18.71 18.80 18.85 18.91 19.07 18.87 18.70 18.55 18.39 18.60 18.59 18.56 18.22 18.14 18.50 18.18 18.16 18.20
12.49 12.96 13.16 13.58 13.03 13.92 14.10 14.36 14.45 14.52 14.97 14.75 14.56 15.07 15.57 15.65 15.02 14.78 15.25 14.95 15.08 16.00 16.55 16.42 16.10 16.79 17.28 17.81 17.41 17.56 17.77 17.73 17.66 17.84 18.21 17.94 18.05 18.09 18.19 18.39 18.61 18.38 18.12 18.26 18.12 18.16 18.48 18.78 19.01 19.04 18.82 18.76 18.65 18.72 18.49 18.39 18.54 18.67 18.46 18.47 18.76 18.73 18.78 18.83 18.77 18.67 18.61 18.38 18.63 18.79 18.73 18.61 18.20 18.41 18.24 18.32 18.03
12.60 13.19 13.26 13.99 12.99 13.15 13.32 13.85 14.32 15.19 15.37 14.77 14.90 15.34 15.25 14.84 15.04 15.28 15.15 14.58 15.24 16.01 16.13 15.62 15.99 16.70 16.98 17.35 16.82 17.58 17.73 17.92 17.90 18.28 17.77 18.13 18.08 18.52 18.68 18.62 18.73 18.53 18.45 18.20 18.02 18.14 18.45 18.77 18.68 18.97 18.94 18.73 18.63 18.56 18.22 18.08 18.30 18.05 18.09 18.45 18.62 18.85 18.81 18.61 18.64 18.73 18.60 18.78 18.75 18.88 18.65 18.73 18.70 18.69 18.26 18.37 18.38
12.55 12.69 12.83 12.67 12.62 12.83 12.87 12.90 13.80 15.05 15.39 14.72 15.08 14.73 14.10 14.24 15.27 15.53 15.20 14.67 15.01 15.38 15.61 15.74 16.16 16.89 16.71 16.59 16.00 17.00 17.42 17.77 17.79 17.65 17.60 17.96 18.41 18.81 18.70 18.70 18.49 18.51 18.10 17.92 17.88 18.20 18.51 18.49 18.64 18.88 18.64 18.27 18.32 18.27 17.98 17.85 18.07 18.14 18.30 18.67 18.65 18.78 18.66 18.38 18.53 18.55 18.56 18.73 18.79 18.84 18.65 18.42 18.37 18.34 18.43 18.54 18.47
12.38 12.45 12.72 12.81 12.48 13.03 13.21 12.31 13.27 13.90 15.09 15.11 15.15 14.61 14.56 14.83 15.08 15.28 15.49 15.22 15.44 15.07 15.60 15.57 16.55 16.69 16.89 16.38 16.24 16.92 17.41 17.66 16.98 17.60 17.63 17.78 18.21 18.70 18.73 18.35 18.30 18.34 18.01 17.86 18.08 18.36 18.14 18.11 18.46 18.38 18.11 17.91 18.06 18.10 17.95 17.83 18.15 18.45 18.46 18.48 18.40 18.56 18.61 18.40 18.52 18.63 18.65 18.57 18.47 18.64 18.71 18.65 18.58 18.34 18.40 18.48 18.49
12.30 12.32 12.53 12.26 12.88 13.24 13.00 12.44 12.91 12.90 13.80 14.85 14.79 15.48 15.62 15.03 14.65 14.63 15.04 15.17 14.98 14.90 15.22 16.09 17.07 16.57 16.39 16.26 16.66 17.38 17.21 17.38 17.29 17.29 17.22 17.76 17.78 18.42 18.32 18.14 18.38 18.63 18.51 18.20 18.16 18.26 18.12 18.32 18.30 18.12 17.79 17.70 18.01 18.25 18.28 18.40 18.40 18.39 18.37 18.57 18.66 18.74 18.93 18.49 18.75 18.79 18.73 18.73 18.48 18.69 18.87 18.88 18.17 18.58 18.69 18.69 18.33
11.94 12.31 12.59 12.45 13.06 13.37 13.20 12.92 12.71 12.94 13.90 15.01 15.36 15.64 15.57 14.81 14.54 14.75 15.55 15.55 14.99 15.01 15.70 16.35 16.67 16.03 16.40 16.88 17.21 17.34 17.23 17.07 17.32 17.36 17.30 17.61 17.95 18.33 18.22 18.22 18.32 18.62 18.82 18.26 18.29 18.10 17.98 17.84 17.85 17.75 17.73 17.93 18.33 18.37 18.46 18.44 18.43 18.45 18.51 18.59 18.71 18.94 18.87 18.49 18.89 18.99 18.79 18.23 18.63 18.82 18.64 18.58 18.32 18.07 18.13 18.02 18.50
11.25 11.47 12.29 12.68 12.83 12.88 12.88 13.05 13.06 13.61 14.59 14.95 15.71 15.55 15.32 15.23 14.69 14.72 14.76 15.16 14.93 15.32 15.82 16.32 16.49 16.14 16.36 16.54 16.85 16.18 16.89 16.49 16.77 17.12 17.07 17.68 17.95 18.17 18.33 18.34 18.57 18.73 18.54 18.58 18.16 17.86 17.79 17.61 17.46 17.65 17.99 18.14 18.26 18.41 18.49 18.60 18.48 18.65 18.81 18.80 18.72 18.80 18.63 18.66 18.81 18.87 18.61 18.44 18.80 18.82 18.75 18.87 18.77 18.48 18.13 18.63 18.31
11.29 11.36 12.35 12.70 12.47 12.67 12.96 12.57 12.68 13.47 14.29 15.20 15.78 15.53 15.54 15.29 15.31 15.08 14.91 15.27 15.38 15.10 15.69 15.97 16.19 16.51 16.12 16.39 16.44 16.03 16.22 16.03 16.02 16.67 17.26 17.78 18.03 18.04 18.37 18.19 18.34 18.49 18.30 18.44 17.86 17.87 17.75 17.82 17.62 17.80 17.95 18.19 18.50 18.50 18.61 18.83 18.73 18.77 18.78 18.82 18.74 18.60 18.59 18.66 18.78 18.80 18.46 18.74 19.05 18.91 18.79 18.70 18.86 18.51 18.53 18.31 17.23
11.42 11.86 12.20 12.22 12.63 12.38 12.37 12.59 12.58 12.89 13.61 14.64 15.52 15.80 15.93 15.36 15.51 15.43 14.84 15.08 15.34 15.69 15.46 16.27 16.52 16.78 16.40 16.69 16.53 16.04 15.86 15.64 15.94 16.97 17.46 17.68 17.71 18.07 18.26 18.22 17.95 18.40 18.40 18.05 17.46 17.76 17.40 17.51 17.57 17.68 17.73 17.91 18.51 18.63 18.60 18.97 19.08 18.96 18.62 18.68 18.73 18.51 18.50 18.75 18.58 18.71 18.73 18.66 18.68 18.81 18.96 18.90 18.81 18.98 18.56 18.35 18.12
10.61 11.23 12.22 12.19 12.31 11.57 11.77 12.37 12.18 13.05 13.48 14.69 15.97 16.26 15.69 14.98 15.30 15.42 14.62 14.63 15.56 16.29 15.91 16.13 16.77 16.60 16.58 16.33 16.73 15.99 15.85 15.54 15.97 16.59 17.24 17.60 17.99 18.13 18.22 18.14 18.26 17.72 18.04 17.59 17.53 17.80 17.62 17.85 17.83 18.14 18.23 18.16 18.58 18.44 18.67 19.08 19.09 18.89 18.79 18.70 18.46 18.53 18.60 18.51 18.60 18.64 18.86 18.73 18.91 18.90 18.63 19.15 19.32 19.24 19.11 18.92 18.85
11.13 11.42 12.02 12.14 12.16 11.10 11.69 11.64 12.37 12.99 14.19 14.85 15.65 15.66 15.73 15.47 15.94 15.79 14.98 14.51 15.12 16.54 16.13 15.97 16.29 16.09 16.02 16.70 16.12 15.70 15.69 15.60 16.21 16.85 17.54 17.32 17.65 17.94 17.75 18.08 18.18 18.31 17.81 17.81 17.88 18.01 18.22 18.02 18.28 18.28 18.20 18.90 18.79 18.77 18.95 18.98 18.94 18.90 18.84 18.54 18.38 18.40 18.34 18.50 18.66 18.59 18.71 18.58 18.91 18.67 18.76 19.19 19.19 19.30 19.22 19.27 19.38
11.28 11.42 11.02 12.12 12.29 11.61 12.12 11.95 12.87 13.08 13.58 14.26 14.79 16.11 15.98 15.77 16.35 16.04 14.80 14.67 15.38 16.11 16.18 16.11 15.85 15.46 15.84 16.30 16.20 16.00 15.93 16.39 16.79 17.32 17.69 17.65 17.22 17.62 17.57 17.92 18.51 18.68 18.05 18.18 18.39 18.34 18.48 18.36 18.10 18.44 19.15 19.15 19.11 18.96 18.70 18.53 18.64 18.54 18.50 18.83 18.91 18.95 18.62 18.88 19.16 19.00 18.80 18.80 18.88 18.63 18.89 19.14 19.05 18.96 19.01 18.99 19.18
11.92 11.24 11.54 12.54 12.67 12.24 12.50 12.81 13.67 13.54 13.80 13.72 14.79 16.07 15.82 16.12 16.25 15.31 15.21 15.26 14.88 15.62 16.00 16.12 15.90 16.15 16.12 16.18 15.95 16.16 16.03 16.98 17.17 17.45 17.51 17.44 17.13 16.83 17.57 18.44 18.91 18.94 18.60 18.58 18.92 18.99 18.71 18.46 18.18 18.61 19.14 19.13 18.50 18.91 18.68 18.81 18.58 18.52 18.51 18.74 18.73 18.74 18.51 18.93 18.97 19.03 18.94 18.95 19.04 19.02 18.81 18.78 18.61 18.73 18.79 18.98 19.25
13.31 13.58 13.07 13.13 12.40 11.95 12.36 13.44 13.83 14.09 14.00 13.87 14.52 15.30 15.60 15.63 15.67 15.69 15.43 15.45 15.14 14.98 15.73 16.27 15.96 15.67 16.20 16.45 15.79 15.97 16.37 17.42 17.28 17.56 17.04 17.42 17.58 17.25 17.62 18.48 18.67 18.76 18.58 18.37 18.72 18.72 18.52 18.05 18.28 19.37 19.34 19.20 18.80 18.40 18.43 19.04 18.81 18.79 18.59 18.64 18.72 18.83 18.75 18.73 18.65 18.77 19.15 19.19 19.13 18.91 18.73 19.02 18.97 18.67 18.89 19.18 19.19
13.49 13.49 13.04 12.89 12.20 12.60 12.93 13.70 13.82 14.04 13.76 12.88 13.58 14.89 14.94 15.77 15.63 15.33 16.04 16.04 15.13 14.96 15.69 16.48 16.39 16.34 16.69 17.11 16.47 16.35 16.45 17.61 17.52 17.16 17.78 18.14 17.66 17.49 17.61 17.94 18.28 18.82 18.40 18.61 18.85 18.44 18.14 18.12 18.90 19.21 18.94 18.84 18.28 18.22 18.71 19.02 18.65 18.70 18.91 18.52 18.77 18.83 18.97 18.78 18.76 18.97 19.21 19.10 19.34 19.18 19.21 19.14 19.18 18.99 18.94 19.03 19.06
13.98 13.63 13.23 13.24 12.56 12.31 12.42 13.02 13.24 13.61 14.01 13.36 13.79 14.57 14.59 15.26 15.62 15.60 16.09 15.82 14.57 14.64 15.71 16.42 16.36 17.02 17.10 17.26 17.32 16.72 16.98 17.39 17.17 17.03 17.91 17.78 17.11 17.55 17.97 18.07 18.39 18.53 18.08 18.45 18.77 18.03 18.01 18.45 18.73 17.93 18.37 18.33 18.14 18.67 19.05 18.60 18.85 19.07 19.25 19.19 18.84 19.03 19.00 19.33 19.30 19.15 18.53 18.68 19.13 19.33 19.14 18.97 18.68 18.24 18.21 18.79 18.71
12.91 13.13 13.37 13.00 12.18 11.62 12.48 13.24 13.09 13.05 13.32 14.10 14.21 14.29 14.37 14.84 15.51 15.37 15.79 15.22 14.89 15.07 16.23 16.34 16.16 16.65 16.61 16.74 17.55 17.58 16.88 16.95 16.66 17.04 17.90 17.48 17.64 17.53 17.72 18.05 18.27 18.71 18.35 18.72 18.81 18.25 18.20 18.19 18.26 17.92 18.36 18.38 18.47 18.63 19.04 18.97 19.53 19.20 19.21 19.07 19.05 18.85 18.94 19.18 19.40 19.01 18.52 18.89 19.25 19.14 18.99 18.70 18.40 18.04 18.07 18.71 18.95
