latest.grid
ncols 839
nrows 679
xllcenter 112.0500
yllcenter -43.9500
cellsize 0.0500
nodata_value -99.9900
[rows 136 to 169 of 679, columns 154 to 230 of 839]
-99.99 -99.99 -99.99 -99.99 -99.99 -99.99 -99.99 -99.99 -99.99 -99.99 -99.99 -99.99 -99.99 -99.99 -99.99 -99.99 -99.99 -99.99 -99.99 -99.99 -99.99 -99.99 -99.99 -99.99 -99.99 -99.99 -99.99 -99.99 -99.99 -99.99 -99.99 -99.99 -99.99 -99.99 -99.99 -99.99 -99.99 -99.99 -99.99 24.71 24.71 24.69 24.69 24.69 24.69 24.69 24.69 24.93 24.93 24.93 24.93 24.93 25.02 25.02 25.03 25.03 25.03 25.03 25.13 25.18 25.06 25.20 25.24 25.22 25.13 25.20 25.24 25.29 25.29 25.29 25.23 25.23 25.24 25.24 24.97 25.04 25.04
-99.99 -99.99 -99.99 -99.99 -99.99 -99.99 -99.99 -99.99 -99.99 -99.99 -99.99 -99.99 -99.99 -99.99 -99.99 -99.99 -99.99 -99.99 -99.99 -99.99 -99.99 -99.99 -99.99 -99.99 -99.99 -99.99 -99.99 -99.99 -99.99 -99.99 -99.99 -99.99 -99.99 -99.99 -99.99 -99.99 -99.99 -99.99 -99.99 24.71 24.71 24.71 24.69 24.69 24.69 24.69 24.69 24.69 24.93 24.93 24.93 24.93 25.02 25.02 25.02 24.98 24.98 24.98 25.15 25.17 25.13 25.25 25.27 25.17 25.22 25.25 25.30 25.25 25.25 25.23 25.23 25.24 25.24 25.24 25.07 25.07 25.07
-99.99 -99.99 -99.99 -99.99 -99.99 -99.99 -99.99 -99.99 -99.99 -99.99 -99.99 -99.99 -99.99 -99.99 -99.99 -99.99 -99.99 -99.99 -99.99 -99.99 -99.99 -99.99 -99.99 -99.99 -99.99 -99.99 -99.99 -99.99 -99.99 -99.99 -99.99 -99.99 -99.99 -99.99 -99.99 -99.99 -99.99 -99.99 -99.99 24.71 24.71 24.71 24.71 24.71 24.69 24.69 24.69 24.69 24.69 24.93 24.93 24.93 24.93 25.02 25.02 25.08 25.11 25.11 25.15 25.14 25.21 24.97 25.18 25.24 25.21 25.22 25.23 25.25 25.23 25.23 25.24 25.24 25.24 25.24 25.07 25.07 25.07
-99.99 -99.99 -99.99 -99.99 -99.99 -99.99 -99.99 -99.99 -99.99 -99.99 -99.99 -99.99 -99.99 -99.99 -99.99 -99.99 -99.99 -99.99 -99.99 -99.99 -99.99 -99.99 -99.99 -99.99 -99.99 -99.99 -99.99 -99.99 -99.99 -99.99 -99.99 -99.99 -99.99 -99.99 -99.99 -99.99 -99.99 -99.99 24.81 24.71 24.71 24.71 24.71 24.71 24.71 24.69 24.69 24.69 24.69 24.69 24.93 24.93 24.93 25.02 25.02 25.08 25.10 25.10 25.16 25.18 25.19 25.20 25.17 25.24 25.23 25.19 25.23 25.22 25.21 25.24 25.24 25.24 25.16 25.16 25.07 25.07 25.07
-99.99 -99.99 -99.99 -99.99 -99.99 -99.99 -99.99 -99.99 -99.99 -99.99 -99.99 -99.99 -99.99 -99.99 -99.99 -99.99 -99.99 -99.99 -99.99 -99.99 -99.99 -99.99 -99.99 -99.99 -99.99 -99.99 -99.99 -99.99 -99.99 -99.99 -99.99 -99.99 -99.99 -99.99 -99.99 -99.99 -99.99 -99.99 24.81 24.71 24.71 24.71 24.71 24.71 24.71 24.71 24.72 24.69 24.69 24.69 24.69 24.93 24.93 25.01 24.81 24.96 25.03 25.09 25.15 25.17 25.15 25.10 25.23 25.22 25.24 25.23 25.20 25.18 25.19 25.18 25.18 25.16 25.16 25.16 25.07 25.07 25.07
-99.99 -99.99 -99.99 -99.99 -99.99 -99.99 -99.99 -99.99 -99.99 -99.99 -99.99 -99.99 -99.99 -99.99 -99.99 -99.99 -99.99 -99.99 -99.99 -99.99 -99.99 -99.99 -99.99 -99.99 -99.99 -99.99 -99.99 -99.99 -99.99 -99.99 -99.99 -99.99 -99.99 -99.99 -99.99 -99.99 -99.99 -99.99 24.81 24.71 24.71 24.71 24.71 24.71 24.71 24.71 24.71 24.72 24.72 24.69 24.69 24.69 24.96 24.90 24.82 24.87 25.08 24.80 24.96 25.02 24.99 24.97 25.18 25.21 25.22 25.24 25.20 25.20 25.19 25.18 25.16 25.16 25.16 25.09 24.95 24.95 24.95
-99.99 -99.99 -99.99 -99.99 -99.99 -99.99 -99.99 -99.99 -99.99 -99.99 -99.99 -99.99 -99.99 -99.99 -99.99 -99.99 -99.99 -99.99 -99.99 -99.99 -99.99 -99.99 -99.99 -99.99 -99.99 -99.99 -99.99 -99.99 -99.99 -99.99 -99.99 -99.99 -99.99 -99.99 -99.99 -99.99 -99.99 -99.99 24.81 24.71 24.71 24.71 24.71 24.71 24.71 24.71 24.71 24.71 24.72 24.72 24.79 24.79 24.89 24.99 24.97 24.64 24.81 25.15 24.92 25.03 25.04 25.15 25.21 25.22 25.22 25.22 25.21 25.19 25.17 25.14 25.12 25.12 25.09 25.09 25.06 24.95 24.95
-99.99 -99.99 -99.99 -99.99 -99.99 -99.99 -99.99 -99.99 -99.99 -99.99 -99.99 -99.99 -99.99 -99.99 -99.99 -99.99 -99.99 -99.99 -99.99 -99.99 -99.99 -99.99 -99.99 -99.99 -99.99 -99.99 -99.99 -99.99 -99.99 -99.99 -99.99 -99.99 -99.99 -99.99 -99.99 -99.99 -99.99 -99.99 24.81 24.71 24.71 24.71 24.71 24.71 24.71 24.71 24.71 24.71 24.71 24.72 24.72 24.90 24.96 25.01 25.01 24.84 24.80 25.13 25.01 25.17 25.14 25.18 25.20 25.21 25.20 25.20 25.17 25.17 25.16 25.15 25.13 25.09 25.09 25.06 25.06 24.95 25.04
-99.99 -99.99 -99.99 -99.99 -99.99 -99.99 -99.99 -99.99 -99.99 -99.99 -99.99 -99.99 -99.99 -99.99 -99.99 -99.99 -99.99 -99.99 -99.99 -99.99 -99.99 -99.99 -99.99 -99.99 -99.99 -99.99 -99.99 -99.99 -99.99 -99.99 -99.99 -99.99 -99.99 -99.99 -99.99 -99.99 -99.99 -99.99 24.81 24.71 24.71 24.71 24.71 24.71 24.71 24.71 24.71 24.71 24.71 24.71 24.92 24.93 24.99 25.00 25.02 24.67 25.05 25.10 25.13 25.12 25.14 25.15 25.19 25.20 25.20 25.18 25.19 25.17 25.10 25.09 25.04 25.09 25.06 25.06 25.06 24.38 25.12
-99.99 -99.99 -99.99 -99.99 -99.99 -99.99 -99.99 -99.99 -99.99 -99.99 -99.99 -99.99 -99.99 -99.99 -99.99 -99.99 -99.99 -99.99 -99.99 -99.99 -99.99 -99.99 -99.99 -99.99 -99.99 -99.99 -99.99 -99.99 -99.99 -99.99 -99.99 -99.99 -99.99 -99.99 -99.99 -99.99 -99.99 -99.99 24.81 24.81 24.81 24.61 24.61 24.61 24.61 24.61 24.61 24.61 24.61 24.61 24.89 24.96 25.00 25.01 25.03 25.00 25.09 25.10 25.15 25.11 25.10 25.12 25.17 25.17 25.20 25.18 25.17 25.16 25.09 25.01 25.05 24.94 24.72 24.72 24.38 24.38 24.96
-99.99 -99.99 -99.99 -99.99 -99.99 -99.99 -99.99 -99.99 -99.99 -99.99 -99.99 -99.99 -99.99 -99.99 -99.99 -99.99 -99.99 -99.99 -99.99 -99.99 -99.99 -99.99 -99.99 -99.99 -99.99 -99.99 -99.99 -99.99 -99.99 -99.99 -99.99 -99.99 -99.99 -99.99 -99.99 -99.99 -99.99 -99.99 24.81 24.81 24.81 24.81 24.81 24.81 24.82 24.82 24.82 24.82 24.82 24.82 24.94 24.97 25.00 25.06 25.04 25.09 25.12 25.12 25.10 25.10 25.09 25.12 25.17 25.20 25.19 25.17 25.15 25.13 25.09 25.02 25.03 25.05 24.87 24.38 24.38 24.38 24.96
-99.99 -99.99 -99.99 -99.99 -99.99 -99.99 -99.99 -99.99 -99.99 -99.99 -99.99 -99.99 -99.99 -99.99 -99.99 -99.99 -99.99 -99.99 -99.99 -99.99 -99.99 -99.99 -99.99 -99.99 -99.99 -99.99 -99.99 -99.99 -99.99 -99.99 -99.99 -99.99 -99.99 -99.99 -99.99 -99.99 -99.99 -99.99 24.81 24.81 24.81 24.81 24.81 24.81 24.81 24.81 24.81 24.77 24.77 24.77 24.92 24.98 25.02 25.05 25.05 25.05 25.11 25.11 25.09 25.09 25.02 25.06 25.08 25.16 25.18 25.16 25.15 25.12 25.09 25.06 25.07 25.05 24.55 24.13 24.13 25.07 25.08
-99.99 -99.99 -99.99 -99.99 -99.99 -99.99 -99.99 -99.99 -99.99 -99.99 -99.99 -99.99 -99.99 -99.99 -99.99 -99.99 -99.99 -99.99 -99.99 -99.99 -99.99 -99.99 -99.99 -99.99 -99.99 -99.99 -99.99 -99.99 -99.99 -99.99 -99.99 -99.99 -99.99 -99.99 -99.99 -99.99 -99.99 -99.99 24.81 24.81 24.81 24.81 24.81 24.81 24.81 24.81 24.81 24.81 24.77 24.77 24.88 24.96 25.04 25.05 25.12 25.12 25.14 25.12 25.09 25.01 25.03 25.06 25.09 25.14 25.19 25.20 25.16 25.15 25.07 25.05 25.01 25.02 25.01 25.05 25.07 25.07 25.05
-99.99 -99.99 -99.99 -99.99 -99.99 -99.99 -99.99 -99.99 -99.99 -99.99 -99.99 -99.99 -99.99 -99.99 -99.99 -99.99 -99.99 -99.99 -99.99 -99.99 -99.99 -99.99 -99.99 -99.99 -99.99 -99.99 -99.99 -99.99 -99.99 -99.99 -99.99 -99.99 -99.99 -99.99 -99.99 -99.99 -99.99 -99.99 24.81 24.81 24.81 24.81 24.81 24.81 24.81 24.81 24.81 24.81 24.81 24.78 24.87 24.99 25.03 25.07 25.10 25.15 25.14 25.13 25.11 25.14 25.13 25.12 25.08 25.11 25.17 25.16 25.14 25.09 25.09 25.00 24.98 24.95 24.91 24.98 25.00 24.46 24.46
-99.99 -99.99 -99.99 -99.99 -99.99 -99.99 -99.99 -99.99 -99.99 -99.99 -99.99 -99.99 -99.99 -99.99 -99.99 -99.99 -99.99 -99.99 -99.99 -99.99 -99.99 -99.99 -99.99 -99.99 -99.99 -99.99 -99.99 -99.99 -99.99 -99.99 -99.99 -99.99 -99.99 -99.99 -99.99 -99.99 -99.99 -99.99 24.78 24.78 24.78 24.78 24.78 24.78 24.78 24.78 24.78 24.78 24.78 24.70 24.84 24.90 25.01 25.05 25.10 25.14 25.13 25.11 25.11 25.14 25.11 25.10 25.08 25.13 25.14 25.16 25.13 25.11 25.04 24.97 24.91 24.83 24.92 24.98 24.82 25.05 25.05
-99.99 -99.99 -99.99 -99.99 -99.99 -99.99 -99.99 -99.99 -99.99 -99.99 -99.99 -99.99 -99.99 -99.99 -99.99 -99.99 -99.99 -99.99 -99.99 -99.99 -99.99 -99.99 -99.99 -99.99 -99.99 -99.99 -99.99 -99.99 -99.99 -99.99 -99.99 -99.99 -99.99 -99.99 -99.99 -99.99 -99.99 -99.99 24.78 24.78 24.78 24.78 24.78 24.78 24.78 24.78 24.78 24.78 24.78 24.68 24.76 24.86 24.99 25.07 25.08 25.11 25.12 25.12 25.11 25.09 25.12 25.11 25.12 25.11 25.13 25.12 25.09 25.08 25.05 24.96 24.92 24.86 24.96 24.76 24.16 24.96 24.34
-99.99 -99.99 -99.99 -99.99 -99.99 -99.99 -99.99 -99.99 -99.99 -99.99 -99.99 -99.99 -99.99 -99.99 -99.99 -99.99 -99.99 -99.99 -99.99 -99.99 -99.99 -99.99 -99.99 -99.99 -99.99 -99.99 -99.99 -99.99 -99.99 -99.99 -99.99 -99.99 -99.99 -99.99 -99.99 -99.99 -99.99 -99.99 24.78 24.78 24.78 24.78 24.78 24.78 24.78 24.78 24.78 24.78 24.78 24.78 24.80 24.90 24.96 25.02 25.05 25.10 25.11 25.15 25.09 25.09 25.10 25.07 25.08 25.07 25.06 25.05 25.02 25.05 25.00 24.99 24.96 24.95 24.98 24.84 24.63 24.56 24.81
-99.99 -99.99 -99.99 -99.99 -99.99 -99.99 -99.99 -99.99 -99.99 -99.99 -99.99 -99.99 -99.99 -99.99 -99.99 -99.99 -99.99 -99.99 -99.99 -99.99 -99.99 -99.99 -99.99 -99.99 -99.99 -99.99 -99.99 -99.99 -99.99 -99.99 -99.99 -99.99 -99.99 -99.99 -99.99 -99.99 -99.99 -99.99 24.78 24.78 24.78 24.78 24.78 24.78 24.78 24.78 24.78 24.78 24.78 24.78 24.84 24.91 24.96 24.97 25.03 25.07 25.12 25.12 25.08 25.05 25.05 25.03 25.03 25.02 25.01 25.00 24.97 24.98 25.00 24.98 24.99 24.99 24.89 24.84 24.93 24.95 25.00
-99.99 -99.99 -99.99 -99.99 -99.99 -99.99 -99.99 -99.99 -99.99 -99.99 -99.99 -99.99 -99.99 -99.99 -99.99 -99.99 -99.99 -99.99 -99.99 -99.99 -99.99 -99.99 -99.99 -99.99 -99.99 -99.99 -99.99 -99.99 -99.99 -99.99 -99.99 -99.99 -99.99 -99.99 -99.99 -99.99 -99.99 -99.99 24.78 24.78 24.78 24.78 24.78 24.78 24.78 24.78 24.78 24.78 24.61 24.61 24.61 24.78 24.92 24.94 24.98 25.04 25.08 25.09 25.07 25.05 25.02 25.01 25.00 24.95 24.94 24.95 24.95 24.98 25.00 25.00 25.03 25.00 24.96 25.00 24.99 24.99 24.75
-99.99 -99.99 -99.99 -99.99 -99.99 -99.99 -99.99 -99.99 -99.99 -99.99 -99.99 -99.99 -99.99 -99.99 -99.99 -99.99 -99.99 -99.99 -99.99 -99.99 -99.99 -99.99 -99.99 -99.99 -99.99 -99.99 -99.99 -99.99 -99.99 -99.99 -99.99 -99.99 -99.99 -99.99 -99.99 -99.99 -99.99 -99.99 24.78 24.78 24.78 24.78 24.78 24.78 24.78 24.78 24.57 24.57 24.57 24.57 24.57 24.83 24.85 24.86 24.91 25.02 25.07 25.06 25.05 25.02 25.01 24.97 24.94 24.91 24.93 24.94 24.95 24.97 25.00 25.03 25.05 25.04 24.98 25.00 24.99 25.00 25.01
-99.99 -99.99 -99.99 -99.99 -99.99 -99.99 -99.99 -99.99 -99.99 -99.99 -99.99 -99.99 -99.99 -99.99 -99.99 -99.99 -99.99 -99.99 -99.99 -99.99 -99.99 -99.99 -99.99 -99.99 -99.99 -99.99 -99.99 -99.99 -99.99 -99.99 -99.99 -99.99 -99.99 -99.99 -99.99 -99.99 -99.99 24.67 24.78 24.78 24.78 24.78 24.58 24.58 24.58 24.58 24.58 24.58 24.58 24.58 24.58 24.69 24.76 24.77 24.87 24.95 25.00 24.67 24.67 24.96 25.01 24.95 24.92 24.92 24.95 24.96 24.98 25.00 24.98 24.99 25.03 25.05 25.04 25.03 25.01 24.96 24.97
-99.99 -99.99 -99.99 -99.99 -99.99 -99.99 -99.99 -99.99 -99.99 -99.99 -99.99 -99.99 -99.99 -99.99 -99.99 -99.99 -99.99 -99.99 -99.99 -99.99 -99.99 -99.99 -99.99 -99.99 -99.99 -99.99 -99.99 -99.99 -99.99 -99.99 -99.99 -99.99 -99.99 -99.99 -99.99 -99.99 24.62 24.67 24.78 24.78 24.46 24.46 24.46 24.46 24.46 24.46 24.46 24.46 24.46 24.46 24.46 24.47 24.61 24.76 24.87 24.89 24.39 24.47 24.90 24.58 24.81 24.99 24.97 24.99 24.98 24.99 25.00 25.00 25.03 25.02 25.08 25.07 25.07 25.03 25.00 24.97 24.92
-99.99 -99.99 -99.99 -99.99 -99.99 -99.99 -99.99 -99.99 -99.99 -99.99 -99.99 -99.99 -99.99 -99.99 -99.99 -99.99 -99.99 -99.99 -99.99 -99.99 -99.99 -99.99 -99.99 -99.99 -99.99 -99.99 -99.99 -99.99 -99.99 -99.99 -99.99 -99.99 -99.99 -99.99 -99.99 24.70 24.62 24.62 24.67 24.67 24.51 24.51 24.51 24.51 24.51 24.51 24.51 24.51 24.51 24.51 24.51 24.22 24.51 24.37 24.52 24.12 24.39 24.26 24.55 24.57 24.93 24.98 24.98 25.01 25.04 25.03 25.03 24.99 25.02 25.05 25.10 25.03 25.02 25.03 24.86 24.98 24.95
-99.99 -99.99 -99.99 -99.99 -99.99 -99.99 -99.99 -99.99 -99.99 -99.99 -99.99 -99.99 -99.99 -99.99 -99.99 -99.99 -99.99 -99.99 -99.99 -99.99 -99.99 -99.99 -99.99 -99.99 -99.99 -99.99 -99.99 -99.99 -99.99 -99.99 -99.99 -99.99 24.61 24.61 24.61 24.61 24.61 24.61 24.61 24.61 24.67 24.51 24.51 24.51 24.51 24.51 24.51 24.51 24.51 24.51 24.51 24.22 24.51 24.29 24.33 24.35 24.36 24.72 24.87 24.96 24.96 24.96 24.99 25.02 25.07 25.03 25.06 25.06 25.02 25.05 25.07 25.00 25.02 25.02 25.01 24.98 24.92
-99.99 -99.99 -99.99 -99.99 -99.99 -99.99 -99.99 -99.99 -99.99 -99.99 -99.99 -99.99 -99.99 -99.99 -99.99 -99.99 -99.99 -99.99 -99.99 -99.99 -99.99 -99.99 -99.99 -99.99 -99.99 -99.99 -99.99 -99.99 -99.99 -99.99 -99.99 24.42 24.61 24.61 24.61 24.61 24.61 24.61 24.61 24.61 24.67 24.67 24.44 24.44 24.51 24.51 24.51 24.51 24.51 24.51 24.51 24.22 24.17 24.17 23.96 24.04 24.51 24.91 24.89 24.91 24.95 24.99 25.02 25.05 25.06 25.05 25.07 25.08 25.04 25.02 25.04 25.05 25.04 25.02 25.01 24.99 24.96
-99.99 -99.99 -99.99 -99.99 -99.99 -99.99 -99.99 -99.99 -99.99 -99.99 -99.99 -99.99 -99.99 -99.99 -99.99 -99.99 -99.99 -99.99 -99.99 -99.99 -99.99 -99.99 -99.99 -99.99 -99.99 -99.99 -99.99 -99.99 -99.99 -99.99 -99.99 24.42 24.42 24.61 24.61 24.61 24.61 24.61 24.61 24.61 24.61 24.67 24.67 24.44 24.44 23.99 23.99 23.99 23.99 24.38 23.87 23.87 24.04 24.04 24.55 24.78 24.87 24.88 24.91 24.92 24.95 25.01 25.00 25.02 25.06 25.04 25.05 25.05 25.08 25.03 25.03 25.03 25.02 25.01 25.01 25.01 25.01
-99.99 -99.99 -99.99 -99.99 -99.99 -99.99 -99.99 -99.99 -99.99 -99.99 -99.99 -99.99 -99.99 -99.99 -99.99 -99.99 -99.99 -99.99 -99.99 -99.99 -99.99 -99.99 -99.99 -99.99 -99.99 -99.99 -99.99 -99.99 -99.99 -99.99 -99.99 24.42 24.42 24.42 24.61 24.61 24.61 24.61 24.61 24.61 24.61 24.62 24.67 24.67 24.44 24.44 23.99 23.99 23.99 23.99 24.38 23.87 23.87 24.38 24.69 24.73 24.79 24.89 24.89 24.93 24.88 24.95 24.94 24.98 24.99 25.00 25.02 25.00 25.06 25.05 25.03 25.02 25.02 24.98 24.97 24.99 24.99
-99.99 -99.99 -99.99 -99.99 -99.99 -99.99 -99.99 -99.99 -99.99 -99.99 -99.99 -99.99 -99.99 -99.99 -99.99 -99.99 -99.99 -99.99 -99.99 -99.99 -99.99 -99.99 -99.99 -99.99 -99.99 -99.99 -99.99 -99.99 -99.99 -99.99 24.69 24.42 24.42 24.42 24.42 24.61 24.61 24.61 24.61 24.61 24.61 24.61 24.62 24.67 24.67 24.44 24.44 23.99 23.99 23.99 24.38 24.38 24.50 24.58 24.67 24.78 24.83 24.87 24.89 24.95 24.98 24.98 24.94 25.01 25.02 25.01 25.03 25.06 25.02 24.96 25.02 25.01 25.01 24.99 24.94 24.96 24.96
-99.99 -99.99 -99.99 -99.99 -99.99 -99.99 -99.99 -99.99 -99.99 -99.99 -99.99 -99.99 -99.99 -99.99 -99.99 -99.99 -99.99 -99.99 -99.99 -99.99 -99.99 -99.99 -99.99 -99.99 -99.99 -99.99 -99.99 -99.99 24.55 24.55 24.55 24.42 24.42 24.42 24.42 24.42 24.61 24.61 24.61 24.61 24.61 24.61 24.62 24.62 24.67 24.67 24.44 24.44 23.99 23.99 24.35 24.65 24.61 24.69 24.66 24.81 24.89 24.93 24.95 24.98 24.99 25.01 24.94 24.99 25.05 25.04 25.04 25.00 24.97 24.99 25.02 25.00 24.98 24.89 24.94 24.95 24.95
-99.99 -99.99 -99.99 -99.99 -99.99 -99.99 -99.99 -99.99 -99.99 -99.99 -99.99 -99.99 -99.99 -99.99 -99.99 -99.99 -99.99 -99.99 -99.99 -99.99 -99.99 -99.99 -99.99 -99.99 -99.99 -99.99 -99.99 -99.99 24.55 24.55 24.55 24.42 24.42 24.42 24.42 24.42 24.42 24.61 24.61 24.61 24.61 24.61 24.61 24.62 24.62 24.67 24.67 24.44 24.44 24.63 24.64 24.77 24.80 24.80 24.77 24.80 24.84 24.90 24.96 24.96 24.95 24.88 24.85 24.98 25.05 25.08 25.09 25.07 25.02 25.01 24.97 25.03 24.96 24.85 24.89 24.92 24.92
-99.99 -99.99 -99.99 -99.99 -99.99 -99.99 -99.99 -99.99 -99.99 -99.99 -99.99 -99.99 -99.99 -99.99 -99.99 -99.99 -99.99 -99.99 -99.99 -99.99 -99.99 -99.99 -99.99 -99.99 -99.99 -99.99 -99.99 -99.99 24.55 24.55 24.55 24.55 24.42 24.42 24.42 24.42 24.42 24.42 24.61 24.61 24.61 24.61 24.61 24.70 24.62 24.62 24.67 24.67 24.73 24.78 24.84 24.80 24.83 24.87 24.89 24.83 24.81 24.87 24.86 24.88 24.97 24.88 24.95 24.98 25.01 25.05 25.06 25.03 24.89 24.92 25.05 25.04 24.98 24.89 24.92 24.86 24.89
-99.99 -99.99 -99.99 -99.99 -99.99 -99.99 -99.99 -99.99 -99.99 -99.99 -99.99 -99.99 -99.99 -99.99 -99.99 -99.99 -99.99 -99.99 -99.99 -99.99 -99.99 -99.99 -99.99 -99.99 -99.99 -99.99 -99.99 -99.99 24.55 24.55 24.55 24.55 24.55 24.42 24.42 24.42 24.42 24.42 24.42 24.61 24.61 24.61 24.61 24.71 24.70 24.62 24.62 24.75 24.80 24.82 24.86 24.79 24.89 24.90 24.85 24.77 24.63 24.71 24.75 24.77 24.92 24.92 24.92 25.02 25.00 25.03 25.05 24.98 24.81 24.91 24.83 24.99 24.94 24.98 24.85 24.87 24.96
-99.99 -99.99 -99.99 -99.99 -99.99 -99.99 -99.99 -99.99 -99.99 -99.99 -99.99 -99.99 -99.99 -99.99 -99.99 -99.99 -99.99 -99.99 -99.99 -99.99 -99.99 -99.99 -99.99 -99.99 -99.99 -99.99 -99.99 24.45 24.55 24.55 24.55 24.55 24.55 24.55 24.55 24.42 24.42 24.42 24.42 24.42 24.61 24.61 24.61 24.71 24.70 24.70 24.78 24.76 24.89 24.91 24.91 24.86 24.88 24.81 24.72 24.75 24.74 24.72 24.74 24.84 24.93 24.95 24.92 24.95 24.90 24.93 25.01 25.02 25.02 25.07 24.91 24.82 24.94 24.87 24.81 24.86 24.97
-99.99 -99.99 -99.99 -99.99 -99.99 -99.99 -99.99 -99.99 -99.99 -99.99 -99.99 -99.99 -99.99 -99.99 -99.99 -99.99 -99.99 -99.99 -99.99 -99.99 -99.99 -99.99 -99.99 -99.99 -99.99 -99.99 -99.99 24.45 24.55 24.55 24.55 24.55 24.55 24.55 24.55 24.55 24.42 24.42 24.42 24.42 24.42 24.61 24.61 24.71 24.73 24.81 24.85 24.86 24.88 24.90 24.91 24.83 24.77 24.80 24.73 24.69 24.80 24.69 24.74 24.83 24.95 25.04 25.05 24.87 24.91 24.91 24.97 25.02 25.02 25.06 24.96 24.72 24.80 24.92 24.94 24.84 24.85
