solar.daily.grid
ncols 839
nrows 679
xllcenter 112.0500
yllcenter -43.9500
cellsize 0.0500
nodata_value -99.9900
[rows 374 to 407 of 679, columns 77 to 153 of 839]
16.97 17.03 17.15 16.63 16.35 16.70 16.64 16.84 16.77 17.43 17.60 17.00 17.07 17.08 17.17 17.67 17.57 17.37 17.42 17.05 17.04 17.33 17.10 17.29 17.14 16.80 16.97 17.10 17.63 17.88 18.16 17.60 17.69 17.89 17.46 17.44 18.05 18.39 18.74 19.01 19.30 19.45 19.52 19.20 19.44 19.63 19.78 19.64 19.61 19.65 19.98 20.11 20.26 20.10 20.15 20.12 20.21 20.23 20.25 20.11 20.19 20.02 20.16 20.14 19.97 20.00 19.80 20.04 20.15 19.79 20.00 19.28 19.21 19.80 19.48 18.68 18.98
16.96 16.45 16.54 17.19 17.81 17.24 17.03 17.12 17.14 16.77 17.59 16.94 16.69 16.76 17.14 16.77 17.38 17.87 17.92 17.18 17.27 17.83 17.61 16.74 17.37 16.76 17.13 17.06 17.41 17.66 18.05 17.53 17.84 17.90 17.94 18.27 18.39 18.14 18.49 18.69 19.01 18.98 19.00 18.90 19.22 19.57 19.77 19.83 19.75 19.75 19.69 19.95 20.07 20.21 20.19 20.07 20.10 20.07 20.10 20.12 20.16 20.10 20.20 20.18 20.11 20.06 20.19 20.04 19.57 19.86 19.88 19.91 19.89 19.50 19.23 19.92 19.75
16.68 16.67 16.59 16.07 16.79 17.35 17.50 17.91 16.64 17.00 17.25 15.92 15.61 15.26 16.45 17.03 17.35 17.04 17.89 17.42 17.73 17.73 17.65 17.53 17.56 17.22 17.29 16.86 17.28 16.49 17.64 17.36 17.94 17.79 18.19 18.30 18.20 18.50 18.94 18.80 18.74 18.75 18.85 18.90 19.11 19.20 19.32 19.56 19.50 19.66 19.78 19.75 19.78 20.03 20.11 20.00 19.96 19.90 19.69 19.71 20.00 20.11 20.14 20.16 20.06 19.97 19.94 19.64 19.73 19.79 19.88 19.75 19.77 19.55 19.74 19.67 19.79
17.21 17.16 17.29 17.26 17.06 17.75 18.21 18.06 17.34 17.23 17.31 16.91 16.98 16.56 15.99 16.46 15.66 16.55 17.20 17.23 17.17 17.62 17.49 17.19 17.49 17.49 17.47 17.56 17.11 17.30 18.02 17.67 17.42 17.41 18.17 18.45 18.35 18.47 18.43 18.38 18.54 18.63 18.64 18.93 18.99 19.03 19.00 19.27 19.64 19.34 19.56 19.54 19.47 19.65 19.78 19.73 19.70 19.50 19.39 19.48 19.38 19.59 19.94 20.08 19.95 19.75 19.66 19.55 19.78 19.72 19.95 19.76 19.86 19.78 19.52 19.54 19.44
17.38 17.71 17.54 17.15 17.29 17.20 17.02 17.17 16.77 17.15 17.23 17.16 17.08 17.43 17.32 17.05 16.39 16.39 16.81 16.89 17.24 17.36 17.75 17.61 17.99 17.33 17.62 17.53 17.62 17.97 17.55 17.81 17.48 17.48 17.93 18.24 18.02 18.56 18.42 18.56 18.34 18.42 17.81 18.50 18.84 18.71 18.90 18.97 19.18 19.35 19.30 19.39 19.39 19.47 19.64 19.52 19.40 19.42 19.30 19.39 19.37 19.30 19.43 19.56 19.60 19.48 19.26 19.53 19.76 19.81 19.43 19.70 19.47 19.05 19.27 19.11 18.99
17.68 18.11 17.78 18.05 17.37 17.40 17.79 17.68 18.13 16.73 16.93 17.17 17.23 17.04 16.84 17.13 16.92 16.98 17.07 16.48 17.38 17.26 17.13 17.65 17.52 17.81 17.30 17.22 17.21 17.61 17.12 17.42 16.94 17.50 17.50 17.71 17.94 17.94 18.23 18.23 18.06 17.89 18.02 18.07 18.13 18.33 18.27 18.52 18.78 19.04 18.79 18.37 18.96 19.26 19.32 19.56 19.23 19.40 19.54 19.47 19.47 19.53 19.49 19.44 19.37 19.26 19.26 19.11 19.13 19.53 20.38 20.03 19.23 18.96 19.13 18.98 19.42
16.69 16.75 17.86 17.15 17.24 17.99 17.56 17.41 17.09 16.96 18.04 17.17 16.26 17.54 16.71 16.87 16.83 16.80 17.23 17.03 16.97 17.07 17.48 17.53 17.50 17.43 17.53 17.14 17.42 17.35 16.69 17.24 17.45 17.98 17.69 17.83 17.74 17.38 17.77 17.68 17.80 17.51 17.89 18.05 17.91 17.79 17.94 17.79 17.99 18.07 18.26 18.29 18.55 18.77 19.01 19.27 19.42 19.46 19.46 19.38 19.02 19.33 19.78 19.41 19.44 19.30 19.68 19.49 19.55 19.74 19.92 20.07 20.23 19.94 19.67 19.32 19.59
17.31 17.39 17.28 17.83 18.07 18.06 18.15 17.09 17.66 18.01 18.08 17.97 17.96 17.47 16.51 16.93 17.07 16.59 16.83 17.03 17.62 17.52 17.14 17.15 17.50 16.80 16.53 17.33 18.88 18.25 17.68 17.56 17.54 18.05 17.77 17.56 17.86 18.19 17.55 17.66 18.09 17.68 17.86 18.16 17.96 17.73 17.48 17.10 17.64 17.73 17.69 17.56 17.75 18.30 18.48 18.93 19.30 19.56 19.57 19.46 19.18 19.21 20.03 19.51 19.30 19.95 20.29 20.21 19.87 19.73 19.62 19.61 19.71 19.86 19.92 19.65 19.37
17.81 17.22 17.50 17.43 17.25 18.05 17.37 17.63 17.37 17.22 17.25 16.82 17.11 17.19 16.99 16.79 17.34 17.30 16.92 16.97 17.22 17.10 17.25 17.36 17.09 16.61 17.09 18.22 18.66 17.72 17.99 17.85 18.13 17.74 17.76 17.62 17.87 17.98 17.54 17.72 17.84 17.83 18.15 18.60 18.28 17.77 17.62 18.04 16.96 17.02 17.06 17.34 16.81 17.09 17.88 18.37 18.98 19.11 19.05 19.51 19.60 19.88 19.77 19.47 19.09 18.74 19.61 19.18 19.67 19.45 19.75 19.23 19.42 19.66 19.26 19.66 19.80
17.78 17.25 18.13 18.05 18.02 17.59 16.93 17.01 17.41 17.26 16.97 17.10 19.24 17.58 17.05 17.02 16.96 16.67 17.03 17.23 17.08 16.86 17.32 17.21 17.03 16.80 17.74 18.21 18.10 17.83 17.94 18.21 17.82 17.71 17.92 17.86 17.84 18.31 18.22 17.65 18.02 17.58 18.10 18.35 18.13 18.07 17.99 17.65 16.86 16.51 16.67 17.05 16.46 16.54 17.31 17.61 18.40 18.53 18.95 19.22 19.53 19.23 19.40 19.37 18.97 19.04 18.81 19.47 19.74 19.19 19.48 18.36 19.37 19.53 18.53 18.31 18.92
18.22 17.79 18.43 18.14 17.67 17.28 18.07 17.45 17.80 17.87 17.14 17.55 18.45 17.57 17.42 17.56 17.24 17.25 17.36 17.29 17.56 18.04 17.39 17.13 17.45 17.99 17.67 18.19 17.95 17.53 17.48 17.94 17.82 17.99 18.03 17.86 18.37 18.51 18.68 18.09 18.51 18.41 18.24 18.19 18.02 17.71 17.95 17.35 17.13 17.08 16.85 16.58 16.72 16.43 17.00 17.23 17.31 17.51 18.22 18.33 18.88 18.56 18.78 18.78 18.81 18.68 18.88 19.42 19.56 19.49 19.13 18.79 19.40 19.05 18.74 18.17 18.82
17.57 17.85 18.00 17.68 17.26 17.51 17.52 17.72 17.83 17.49 17.73 17.49 17.86 17.96 18.05 17.91 17.90 18.01 18.04 18.10 18.03 18.43 17.36 16.95 17.62 18.01 17.71 17.90 18.11 17.70 18.16 17.82 18.10 17.81 17.74 17.69 18.16 18.19 18.31 18.32 18.59 18.66 18.57 18.51 17.84 17.86 17.35 16.96 17.17 16.88 16.59 16.48 16.11 15.91 16.10 16.20 16.71 17.16 17.28 17.74 17.74 18.22 17.76 18.09 18.59 18.63 18.60 19.14 18.76 17.93 18.26 18.17 19.23 18.63 18.84 18.26 18.79
17.51 18.10 17.49 17.77 17.48 17.98 18.01 17.38 17.27 17.24 16.71 17.13 17.62 17.65 17.30 17.56 17.18 17.96 18.44 18.16 19.10 18.43 17.51 17.49 18.03 18.22 18.24 18.13 18.58 18.70 18.59 18.35 18.49 18.29 18.07 18.13 18.33 18.18 19.20 18.98 18.34 18.32 18.39 18.35 18.41 18.23 17.69 17.50 17.20 17.23 16.66 16.30 16.01 16.07 16.33 16.51 16.25 16.46 16.58 17.01 17.42 17.27 17.62 17.50 17.61 18.22 18.63 18.42 18.11 17.59 17.48 18.49 18.86 18.21 18.10 18.38 18.50
18.47 17.78 17.65 18.18 18.25 18.05 17.08 17.47 17.11 16.66 17.59 18.09 17.55 17.42 17.19 17.35 16.85 19.13 17.90 18.90 18.80 18.68 18.56 17.88 17.39 17.93 18.60 18.47 18.39 18.93 18.84 18.55 18.61 18.69 18.65 18.96 18.84 18.66 19.38 18.77 18.21 17.90 17.79 18.06 18.44 18.48 18.39 18.01 17.91 17.59 17.13 16.66 16.53 15.95 15.96 16.20 16.30 16.08 16.29 16.20 16.45 16.79 16.96 17.45 17.38 17.11 17.03 17.61 17.48 17.95 18.13 18.25 18.31 18.45 17.71 17.85 17.91
18.00 17.51 17.38 18.21 17.53 18.45 18.51 18.31 17.89 17.91 18.51 17.59 17.48 17.79 18.21 17.96 16.76 18.23 17.96 19.13 18.48 18.19 19.08 18.06 18.04 17.75 17.88 18.33 18.48 18.59 18.90 19.14 19.74 19.64 19.05 19.27 19.19 19.21 18.90 18.27 18.09 18.02 17.70 17.80 18.12 18.02 18.06 17.96 17.91 17.68 17.58 17.34 16.75 16.67 16.29 15.97 15.98 15.91 16.25 16.35 16.24 15.84 15.69 15.75 16.28 16.62 16.68 17.61 17.50 17.81 17.63 18.31 18.66 18.68 17.59 17.18 17.14
18.03 17.46 17.74 18.05 17.96 17.24 17.87 17.80 17.94 18.34 18.16 17.64 18.09 17.48 17.53 17.75 17.96 19.17 17.78 18.07 17.92 18.12 18.45 17.56 18.30 18.17 18.41 18.44 18.39 18.51 18.93 19.23 19.41 19.75 19.62 19.89 19.85 19.76 19.18 18.84 18.17 17.45 17.46 17.56 18.22 18.33 18.46 18.06 18.01 17.39 17.58 17.13 16.83 16.44 16.80 16.61 16.64 16.46 16.49 16.54 16.29 15.87 15.62 15.57 15.88 15.70 15.71 15.96 16.14 16.25 17.26 18.06 18.17 18.05 16.79 17.25 17.01
18.36 18.07 17.59 17.69 17.78 17.42 17.27 18.01 17.94 17.38 17.49 18.10 17.63 17.94 17.58 17.71 18.24 17.80 18.63 18.03 17.76 17.63 17.73 18.25 18.79 18.48 18.45 18.89 18.78 18.57 18.84 19.06 19.17 19.13 19.70 20.05 19.94 19.62 19.19 18.87 18.42 18.19 18.64 18.02 17.86 17.80 17.85 18.00 17.46 17.29 17.19 17.61 17.22 16.81 16.87 17.23 17.20 17.04 16.71 16.49 16.57 16.86 16.59 16.75 16.65 16.30 15.83 15.42 15.45 16.01 16.22 16.55 16.92 16.45 16.64 16.52 16.56
19.20 18.75 17.75 17.32 16.55 17.64 17.92 18.13 17.66 17.75 18.60 18.61 18.01 17.50 17.47 17.40 18.34 18.25 18.26 18.24 17.44 18.03 18.22 18.17 18.27 18.70 19.18 18.82 18.95 18.99 18.77 18.69 19.00 18.97 19.55 19.40 19.81 19.79 18.99 18.88 19.06 18.94 18.98 18.52 18.64 18.27 18.71 17.77 17.04 16.79 16.66 16.29 16.21 16.58 16.86 17.27 17.12 16.95 16.79 16.78 16.66 16.57 16.91 16.93 16.71 16.76 16.27 16.13 15.95 15.83 16.26 16.17 15.97 16.11 16.04 16.08 15.53
18.73 17.99 17.93 17.63 17.78 17.63 17.96 17.78 17.17 17.30 18.07 18.19 17.26 17.30 17.77 18.04 17.85 18.25 18.33 17.73 17.69 17.74 18.07 17.78 17.75 18.55 19.06 19.10 18.98 19.17 19.12 18.56 18.83 19.77 19.52 18.55 18.95 19.33 18.21 18.63 18.81 18.89 18.71 18.49 18.60 18.54 18.71 18.04 17.25 16.87 16.60 16.28 16.03 16.21 16.03 16.45 16.95 16.99 16.88 16.74 16.39 16.53 16.47 17.04 17.39 17.06 16.81 16.65 16.49 15.77 15.69 16.99 16.57 15.92 16.68 16.48 16.45
18.22 17.43 17.95 18.27 17.27 17.06 17.42 16.73 17.48 17.25 17.07 16.21 16.90 17.14 16.98 17.72 17.51 17.36 17.82 17.80 18.09 17.96 17.71 18.22 17.87 18.32 18.60 19.05 18.96 18.96 18.97 19.30 19.39 19.88 19.53 18.66 18.47 18.51 19.11 19.01 18.71 19.03 18.73 18.19 18.71 19.18 18.43 18.17 17.42 17.01 16.86 16.75 16.45 16.09 16.06 15.52 15.93 16.45 16.68 16.71 16.23 16.41 16.58 16.71 17.21 16.67 16.50 16.73 16.69 16.47 15.87 15.46 15.18 16.04 16.21 16.74 15.43
18.24 17.42 18.06 18.26 18.09 18.01 16.53 16.63 17.32 18.03 17.40 17.47 17.60 16.82 17.22 17.44 17.78 17.39 17.92 18.50 17.88 17.39 17.34 17.61 18.25 18.39 18.66 18.64 18.78 19.25 19.29 18.90 19.41 19.74 19.43 18.96 18.86 18.91 18.80 18.55 18.71 18.65 18.40 18.02 18.00 17.94 17.75 17.92 17.79 17.61 17.30 17.31 17.03 16.75 16.57 15.88 15.67 16.06 16.23 16.55 16.31 16.34 16.20 16.14 16.09 16.38 16.16 15.69 15.64 15.48 15.64 15.93 15.42 14.94 14.39 14.95 15.02
17.17 17.59 17.68 18.21 18.44 17.62 17.75 17.10 17.99 18.22 17.01 17.44 17.79 17.77 17.66 17.17 17.73 17.72 17.53 19.18 18.27 17.62 16.96 17.69 18.29 18.11 17.96 17.75 18.80 19.04 18.79 18.41 19.59 19.44 18.48 19.25 19.13 18.89 19.02 18.58 18.20 18.17 18.01 17.98 17.54 17.52 17.70 17.54 17.62 17.92 17.59 17.39 17.05 17.09 17.07 17.09 16.48 16.23 15.93 15.74 15.55 15.73 15.43 15.56 15.87 15.81 15.04 15.01 15.22 15.02 15.48 16.50 16.50 15.44 15.44 14.47 14.52
18.03 17.44 17.26 17.87 17.38 16.15 17.83 17.59 16.76 16.30 17.33 18.16 17.15 17.94 17.71 17.88 17.98 18.04 17.60 18.51 17.44 17.02 18.34 18.05 17.51 18.18 18.00 18.59 18.96 18.52 18.88 18.79 19.58 19.25 19.09 19.06 19.86 18.99 18.43 18.53 18.74 18.54 18.48 17.93 17.55 17.49 17.38 17.05 16.88 16.75 16.80 16.88 17.37 17.49 17.54 17.62 16.92 16.88 16.73 16.01 15.10 14.71 15.01 14.96 15.32 15.48 15.24 15.21 14.56 14.12 14.21 14.75 15.71 15.74 15.60 15.07 14.15
17.03 16.20 16.08 16.39 16.85 16.46 17.05 17.27 17.25 17.34 17.96 17.68 17.76 18.24 17.78 17.03 18.00 18.17 18.16 17.77 17.75 17.75 17.83 17.07 17.30 17.80 17.02 17.29 18.12 18.10 18.59 18.84 19.35 19.47 19.28 19.93 19.79 19.06 18.58 18.60 18.63 18.63 18.43 18.78 18.37 17.68 17.50 17.48 16.89 16.57 16.27 16.11 16.17 16.24 16.44 17.14 16.66 16.91 16.78 16.84 16.59 15.97 15.46 14.29 14.59 15.02 14.46 14.47 14.50 14.49 14.23 14.46 14.99 15.20 15.60 14.75 14.37
16.94 17.39 16.80 16.39 16.02 17.15 17.25 16.87 16.10 15.62 16.83 17.02 16.79 16.97 17.28 17.04 17.84 17.82 18.36 17.79 17.55 17.80 18.37 17.99 17.96 17.15 17.16 18.10 18.06 18.39 18.27 18.89 18.67 18.53 18.83 18.84 18.84 18.47 18.15 18.52 18.69 18.53 18.68 18.42 18.22 17.88 17.64 17.41 17.20 16.64 17.02 16.57 16.32 16.06 15.97 16.31 16.22 16.42 16.72 17.49 17.35 16.63 16.13 15.71 14.57 14.49 14.20 13.94 13.94 13.84 13.90 13.92 14.47 15.14 14.94 14.82 14.05
16.69 16.25 16.60 16.17 16.48 16.39 15.69 16.73 17.32 16.92 17.48 16.94 16.46 17.76 17.05 17.38 17.30 17.39 17.67 17.79 17.61 18.01 17.96 18.27 17.99 17.19 17.14 17.46 17.39 17.84 17.65 18.09 18.29 18.90 18.49 18.22 18.20 18.60 18.39 18.60 18.37 18.18 18.26 17.93 17.81 17.91 18.18 18.04 17.21 17.12 17.44 17.01 16.71 16.44 16.09 15.50 15.38 15.53 15.50 15.61 16.46 16.93 16.53 16.08 15.06 14.02 13.71 13.68 13.45 13.36 13.85 13.54 13.71 14.29 14.93 15.22 15.03
16.71 15.74 14.82 15.76 15.94 15.78 15.64 15.19 16.78 17.19 17.22 17.37 17.09 17.32 16.83 17.06 16.42 17.48 16.77 16.85 17.34 17.47 17.90 17.76 17.90 18.12 17.54 17.37 17.13 17.41 17.59 18.10 18.29 19.22 18.17 18.25 18.49 18.24 18.18 18.44 18.04 18.02 17.78 17.84 17.96 17.83 17.62 17.95 17.38 17.15 16.89 16.46 16.44 16.31 16.40 15.91 15.74 15.44 14.98 15.25 15.53 15.83 15.95 15.92 15.46 14.76 13.95 13.69 13.64 13.45 13.41 12.95 13.11 13.77 13.72 13.56 14.08
16.53 16.58 16.32 16.42 17.16 15.85 16.57 16.33 16.27 17.25 16.73 16.77 17.71 16.69 16.46 16.30 16.22 15.98 16.37 16.26 16.77 16.00 15.76 16.63 16.65 17.14 16.23 16.34 16.85 16.62 17.37 17.36 18.64 18.40 17.55 18.22 17.85 18.32 18.24 18.06 17.96 17.68 17.43 16.91 16.90 17.17 16.69 16.70 16.94 17.27 17.07 16.79 16.76 16.95 16.46 16.18 15.60 15.76 15.01 14.95 15.19 15.38 15.59 15.33 15.45 16.00 16.21 15.00 14.24 14.24 13.52 13.25 13.69 14.07 14.18 13.53 13.69
16.66 15.92 16.22 16.55 17.14 16.53 16.76 16.55 16.71 17.78 17.00 16.63 16.48 17.37 17.58 17.38 16.38 16.59 16.52 15.81 15.72 16.37 16.71 16.72 17.47 17.03 15.91 16.01 16.38 15.85 16.71 16.37 16.71 17.90 18.09 17.98 17.44 17.67 18.21 17.72 18.26 18.02 17.94 16.95 16.53 16.48 16.64 16.62 16.56 16.70 16.93 16.98 16.75 16.82 16.50 16.18 15.62 15.93 15.94 15.15 14.78 14.64 14.31 14.97 15.39 15.19 15.32 15.11 14.59 14.32 14.38 14.10 13.73 13.96 14.13 13.29 12.81
17.22 16.18 16.87 16.67 16.95 16.63 16.32 16.62 17.03 16.66 17.71 17.80 16.95 17.46 17.26 17.38 16.78 16.17 15.59 16.02 16.31 16.37 16.26 16.20 16.38 16.73 16.67 15.73 15.89 16.29 16.56 17.07 17.14 16.78 16.96 16.73 17.44 17.18 17.41 17.59 17.33 17.35 17.59 17.54 17.09 16.47 16.09 16.17 16.60 16.89 15.84 15.92 15.85 15.73 15.73 15.74 15.73 15.84 16.47 16.32 15.31 15.68 15.11 15.60 15.37 15.31 14.60 14.36 14.04 14.01 13.81 14.24 14.51 14.82 14.62 13.69 12.83
15.68 16.74 16.99 16.73 15.52 16.26 16.00 15.53 16.05 16.60 16.93 16.85 16.34 16.64 17.17 16.98 16.80 16.94 16.17 15.51 15.47 16.28 16.16 16.10 16.49 16.60 16.64 16.18 15.45 15.30 15.83 16.65 16.78 16.87 15.96 16.34 16.91 17.38 17.33 17.02 16.92 16.56 16.74 16.90 17.31 17.28 16.43 15.97 16.73 16.35 15.86 16.40 16.22 15.66 15.24 15.33 15.58 15.56 15.80 15.32 15.55 15.62 15.86 15.59 15.12 14.42 14.19 14.36 14.12 14.34 14.08 13.62 14.04 14.69 14.62 14.22 13.79
16.96 16.51 16.39 15.78 15.78 15.08 15.71 16.09 16.66 16.75 16.34 16.61 16.78 16.53 17.20 16.46 15.95 16.82 16.84 16.54 16.05 16.20 16.08 16.06 15.97 16.73 16.42 15.99 15.48 15.72 15.58 15.63 15.55 16.06 15.79 15.56 15.76 16.84 17.00 16.68 16.15 16.35 16.38 16.62 17.07 17.03 16.75 16.33 15.92 15.85 15.79 15.73 16.05 15.33 15.00 14.96 15.10 15.22 15.63 15.23 14.78 15.06 15.18 15.20 15.65 14.44 13.61 13.82 13.53 13.73 13.46 13.59 14.51 14.65 14.32 14.09 13.94
15.69 16.60 16.36 17.05 16.95 16.33 15.65 16.57 16.55 17.33 17.26 15.40 16.10 16.12 16.90 16.59 16.00 15.73 16.02 17.19 16.54 16.64 16.51 16.69 16.34 16.59 16.33 17.38 16.30 16.34 15.56 15.74 15.63 15.64 15.96 15.57 15.19 15.93 16.33 15.61 14.98 15.16 15.48 15.64 16.41 15.99 16.42 16.32 15.57 15.31 15.86 15.71 15.42 15.11 14.88 14.49 14.58 14.51 14.74 14.94 14.80 15.32 15.01 14.96 13.91 13.61 14.01 13.48 13.37 13.01 13.46 13.70 13.78 13.54 13.71 13.68 13.86
15.43 15.38 15.15 15.35 16.38 17.25 15.56 16.14 16.96 16.82 16.85 17.15 14.96 14.60 15.31 15.94 15.35 16.23 16.56 16.46 16.62 17.09 17.04 16.40 15.47 15.93 16.61 16.50 16.45 16.16 16.36 16.83 16.32 15.83 16.17 16.00 16.23 15.70 16.29 15.70 14.35 14.44 14.42 14.95 15.75 15.70 15.46 15.41 15.32 15.04 15.32 14.94 14.55 14.75 14.68 14.46 14.26 15.27 15.13 14.65 14.87 15.79 15.56 14.92 14.24 13.95 13.75 13.79 13.90 13.72 14.26 14.31 13.94 13.75 13.62 13.34 13.80
