solar.daily.grid
ncols 839
nrows 679
xllcenter 112.0500
yllcenter -43.9500
cellsize 0.0500
nodata_value -99.9900
[rows 272 to 305 of 679, columns 693 to 769 of 839]
20.74 20.90 20.05 19.48 19.13 19.14 18.54 18.43 17.69 16.74 18.59 20.57 22.35 22.47 22.95 21.21 19.76 19.19 19.44 20.10 21.11 21.92 22.67 22.68 22.48 22.16 22.18 22.66 22.74 22.74 22.60 22.86 23.01 22.26 21.64 21.87 22.46 21.91 21.35 21.07 20.86 20.43 20.50 21.62 21.82 21.82 21.78 20.90 20.53 20.36 21.12 21.13 20.61 20.70 21.08 21.45 20.52 19.95 19.93 20.00 19.69 19.68 18.49 20.01 18.91 17.80 17.46 17.48 18.16 17.34 16.69 17.52 17.45 17.08 17.64 17.77 17.65
21.57 21.59 21.02 19.60 18.37 17.48 18.13 19.63 20.43 19.10 19.22 20.42 21.77 22.56 22.82 21.57 21.01 19.86 20.48 20.81 21.93 22.91 22.83 22.78 22.40 21.66 21.79 22.31 22.76 22.82 22.71 23.01 23.10 22.89 22.23 21.70 21.97 22.58 22.20 21.75 22.10 21.39 21.50 21.97 22.51 21.49 21.38 21.35 21.52 21.18 21.28 21.40 20.62 20.74 20.79 21.59 21.38 20.57 20.25 20.15 19.75 19.34 19.54 20.28 19.89 19.52 18.93 17.88 17.73 17.39 16.94 17.05 16.60 16.59 17.59 18.53 19.10
19.61 20.19 19.24 19.86 19.63 18.21 18.51 19.75 20.65 21.38 20.14 20.05 21.46 21.92 22.83 22.97 22.54 21.98 21.80 22.20 22.65 23.13 22.95 22.71 22.44 22.10 22.13 22.07 22.54 22.76 22.86 22.86 23.00 22.80 22.27 22.14 21.99 22.22 22.28 22.63 22.51 22.11 22.13 22.42 22.65 22.22 21.00 21.33 21.96 21.62 21.89 21.95 20.85 20.86 20.95 21.08 21.33 21.45 20.57 19.80 20.26 20.05 20.01 20.37 20.83 20.58 20.31 19.99 18.70 17.32 17.70 18.62 17.33 15.66 16.45 18.21 18.66
21.45 21.09 19.64 20.23 20.92 21.53 20.83 21.43 20.90 21.03 20.65 21.22 22.26 22.85 23.04 23.06 22.42 21.80 21.89 22.29 23.06 23.11 23.02 23.11 22.77 22.82 22.43 22.33 22.63 22.90 22.80 22.57 22.76 22.75 22.29 22.67 22.44 22.17 22.26 22.63 22.80 22.66 22.10 22.23 22.35 22.37 21.76 21.25 21.69 21.48 21.87 21.53 21.27 21.08 20.74 20.93 21.41 21.50 21.24 20.15 20.22 20.54 21.00 21.03 20.90 20.54 20.60 20.27 20.01 19.18 18.50 18.43 18.11 17.80 16.62 17.95 18.25
22.11 21.14 20.05 21.03 21.26 20.08 21.19 21.86 22.22 22.00 22.65 23.10 23.04 23.03 22.96 23.05 23.10 22.65 22.70 22.46 23.04 23.09 23.10 23.13 23.11 23.09 23.07 22.96 23.03 23.08 23.09 22.79 22.70 22.67 22.47 22.56 22.75 22.55 22.58 22.59 22.34 22.47 22.46 22.44 22.52 22.57 22.61 21.90 22.30 22.28 22.05 22.17 22.18 21.76 21.71 21.35 21.64 21.45 21.93 21.10 21.07 20.97 20.75 20.59 20.69 20.80 20.22 20.19 20.25 20.04 19.50 19.40 19.31 19.43 18.79 18.73 18.92
21.75 21.72 22.34 22.64 21.00 20.80 22.07 22.26 23.13 22.91 22.99 22.98 23.01 23.05 22.91 22.76 23.13 23.07 23.07 23.05 23.04 23.06 23.13 23.11 23.08 23.05 23.11 23.12 23.02 23.12 23.11 23.09 23.10 22.99 22.88 22.98 22.71 22.52 22.77 22.85 22.91 22.49 22.41 22.64 22.73 23.02 22.77 22.19 22.43 22.45 22.16 22.46 22.57 22.35 22.22 21.86 21.54 21.55 21.68 21.42 21.32 21.55 21.22 20.79 20.42 20.85 20.61 20.46 20.03 19.67 19.80 19.69 20.30 20.47 20.41 19.94 19.80
21.93 22.39 23.01 22.04 22.29 22.73 21.77 21.82 23.07 22.75 22.70 22.90 23.12 22.77 23.10 23.06 23.11 23.09 23.09 23.07 23.03 23.03 23.05 23.09 23.07 23.11 23.11 23.12 23.12 23.08 23.08 23.07 23.05 23.03 23.02 23.03 23.02 22.90 23.01 23.03 22.92 22.65 22.60 22.79 22.80 23.11 23.12 22.93 22.71 22.77 22.51 22.90 22.97 22.69 22.21 21.96 21.36 21.35 21.32 21.13 21.10 21.82 21.99 21.10 20.78 20.43 20.98 21.17 20.66 20.24 19.95 20.12 20.31 20.84 20.93 20.74 20.84
22.63 22.93 22.79 22.77 22.54 22.29 22.93 22.87 22.70 22.87 22.62 22.73 23.14 23.16 23.13 23.10 23.08 23.10 22.99 23.02 22.99 23.07 23.04 23.10 23.06 23.07 23.12 23.10 23.13 23.10 23.09 23.05 23.05 23.03 22.98 23.00 23.00 22.98 23.01 22.95 22.97 22.90 22.92 23.05 22.98 23.13 23.17 23.05 23.06 22.98 22.89 23.00 22.97 22.79 22.54 22.58 21.87 21.79 21.70 21.52 21.85 22.08 22.01 21.91 21.80 21.65 21.07 20.42 20.73 19.97 19.36 20.34 20.45 21.03 21.52 21.80 21.43
22.61 22.55 22.86 22.91 22.37 22.90 23.09 23.18 22.58 22.89 22.96 23.01 23.12 23.15 23.13 23.11 23.08 23.05 22.95 23.01 23.02 23.03 23.05 23.09 23.08 23.10 23.11 23.10 23.12 23.10 23.08 23.05 23.05 23.04 22.97 22.92 22.98 22.91 22.91 22.79 22.98 23.01 23.03 23.05 23.08 23.09 23.12 23.01 23.11 23.06 23.05 23.04 23.00 22.81 22.67 22.84 22.72 22.42 22.30 22.26 22.15 22.00 22.15 21.87 21.48 21.36 21.58 21.09 20.69 20.75 19.86 20.09 21.00 20.92 21.59 21.70 21.80
22.77 22.87 22.92 22.54 22.76 23.02 23.04 22.69 21.73 22.84 22.93 23.13 23.14 23.11 23.12 23.10 22.94 22.69 22.96 22.94 22.96 22.80 23.02 23.05 23.05 23.08 23.09 23.10 23.10 23.08 23.07 23.04 23.05 23.04 22.98 22.98 22.89 22.90 22.88 22.88 23.01 23.03 23.03 23.04 23.06 23.08 23.09 22.89 23.05 23.06 23.02 23.01 23.00 22.87 22.79 22.75 22.92 22.78 22.53 22.45 22.30 22.22 22.36 22.27 21.84 21.25 20.99 20.94 20.64 20.63 20.14 20.56 21.30 21.51 21.31 21.68 21.64
23.08 22.57 22.93 22.67 22.83 22.68 21.87 20.64 22.02 22.93 22.33 22.81 23.10 23.06 23.08 23.07 22.70 22.72 22.73 22.99 22.79 22.80 22.97 23.02 23.01 23.03 23.03 23.02 23.02 23.04 23.06 23.06 23.05 23.01 22.98 22.99 22.96 22.96 22.99 22.99 23.02 23.03 23.04 23.04 23.03 23.00 22.91 22.99 23.06 23.06 23.02 23.02 23.02 23.02 22.94 22.80 22.65 22.80 22.81 22.63 22.57 22.43 22.41 22.25 22.25 21.99 21.75 21.42 21.04 20.99 21.05 21.20 21.49 21.74 21.49 21.48 21.70
22.85 22.87 22.75 22.81 22.77 22.01 21.46 21.84 22.22 22.81 22.83 22.55 22.62 22.70 22.75 23.06 23.05 22.88 22.81 22.95 22.99 23.01 23.03 23.01 23.00 23.04 22.88 22.81 22.69 22.61 22.93 22.96 23.04 23.03 23.01 23.01 22.96 22.95 22.99 22.99 23.01 23.02 23.03 23.04 23.02 22.99 23.00 23.03 23.03 22.98 23.00 22.99 22.98 23.01 22.99 22.97 22.96 22.81 22.67 22.72 22.67 22.60 22.65 22.69 22.63 22.50 22.16 21.74 21.43 21.06 20.88 20.57 21.33 22.09 22.33 21.82 21.84
23.08 22.93 22.87 22.66 22.58 22.54 22.07 22.23 22.48 22.88 22.94 22.80 22.71 22.63 22.78 23.07 23.04 22.93 22.94 22.90 23.05 22.79 22.84 23.02 23.03 23.05 22.90 22.94 22.93 22.94 22.97 23.03 23.00 23.04 23.03 23.02 22.99 23.00 22.98 22.99 22.99 23.00 23.01 23.01 23.00 22.98 23.00 23.00 23.01 23.00 23.00 22.98 22.98 22.96 22.94 22.92 22.93 22.93 22.88 22.97 22.84 22.82 22.88 22.74 22.85 22.85 22.89 22.50 22.15 21.77 21.54 21.21 21.18 21.23 21.83 22.08 22.00
23.11 23.11 23.02 22.50 22.89 22.65 22.75 22.80 22.68 22.70 22.05 22.59 22.67 22.80 22.87 22.95 22.80 22.69 22.83 22.94 22.92 22.71 22.94 22.92 23.04 23.05 22.94 22.99 22.92 22.98 22.93 23.02 23.02 23.03 23.02 23.04 23.00 22.95 22.99 22.99 23.00 23.00 23.01 23.00 23.01 22.99 22.99 23.01 23.01 22.97 22.97 22.97 22.94 22.96 22.92 22.90 22.91 22.93 22.97 22.88 22.85 22.89 22.89 22.91 22.92 22.83 22.87 22.80 22.96 22.76 22.44 22.15 21.70 21.52 21.56 21.63 21.62
22.95 23.08 23.14 23.10 22.85 22.82 22.72 22.77 22.83 22.68 22.80 22.70 22.49 22.77 22.73 22.67 22.64 22.46 22.53 22.74 22.80 22.82 22.86 22.93 22.91 23.05 22.95 23.03 23.04 23.01 22.95 22.98 22.97 22.97 22.96 22.99 22.98 22.94 22.97 22.98 22.99 22.99 22.98 22.99 22.99 22.98 22.95 22.97 22.97 22.95 22.98 22.96 22.94 22.91 22.93 22.89 22.82 22.91 22.93 22.89 22.78 22.85 22.89 22.74 22.71 22.74 22.83 22.87 22.84 22.93 22.96 22.83 22.39 21.91 21.85 21.83 21.89
23.17 23.16 23.13 23.09 23.06 23.10 22.82 22.96 23.07 23.03 22.90 22.90 22.85 22.78 22.87 22.62 22.57 22.74 22.75 22.94 22.65 22.77 22.80 22.82 22.93 22.94 22.96 23.00 23.05 23.02 22.99 23.05 23.03 22.98 22.98 22.95 22.95 22.97 22.95 22.97 22.98 22.99 22.97 22.95 22.99 22.99 22.98 22.94 22.99 22.95 22.95 22.94 22.95 22.94 22.93 22.92 22.87 22.84 22.86 22.84 22.84 22.87 22.91 22.88 22.79 22.70 22.75 22.75 22.72 22.84 22.91 22.82 22.62 22.38 22.40 22.10 22.55
23.14 23.13 23.17 23.10 23.00 23.07 22.92 22.95 23.02 22.88 22.97 23.02 22.96 22.90 22.96 22.95 22.80 22.85 22.87 22.80 22.62 22.80 22.98 22.98 22.97 22.95 23.01 22.86 22.78 22.79 22.87 22.97 23.02 22.96 22.97 22.93 22.90 22.77 22.95 22.96 22.95 22.96 22.95 22.96 22.95 22.98 22.93 22.94 22.97 22.95 22.96 22.96 22.92 22.95 22.93 22.88 22.85 22.82 22.80 22.88 22.83 22.83 22.90 22.94 22.93 22.87 22.82 22.71 22.85 22.90 22.90 22.91 22.82 22.74 22.70 22.70 22.63
23.13 23.16 23.06 23.07 23.06 22.99 23.04 23.00 22.86 23.00 23.02 23.02 23.03 23.03 22.90 22.97 23.00 23.00 22.92 22.94 22.91 22.84 22.92 23.05 23.06 22.98 22.92 22.72 22.67 22.53 22.42 22.78 22.90 22.97 22.93 22.95 22.93 22.93 22.96 22.97 22.94 22.91 22.82 22.95 22.89 22.94 22.96 22.87 22.84 22.94 22.96 22.96 22.96 22.93 22.90 22.91 22.85 22.81 22.81 22.81 22.78 22.77 22.87 22.87 22.89 22.86 22.84 22.85 22.94 22.90 22.92 22.75 22.84 22.86 22.88 22.80 22.84
23.14 23.13 23.13 23.08 23.02 22.85 22.96 22.88 23.02 22.97 22.98 23.01 23.01 23.02 22.98 22.98 23.03 23.00 22.97 23.04 23.03 23.02 23.01 23.08 23.05 22.79 22.64 22.63 22.77 22.83 22.69 22.85 22.79 22.86 22.83 22.91 22.92 22.92 22.92 22.94 22.95 22.95 22.77 22.75 22.76 22.81 22.92 22.91 22.92 22.91 22.91 22.84 22.83 22.84 22.85 22.92 22.88 22.84 22.78 22.80 22.90 22.86 22.72 22.81 22.77 22.85 22.86 22.88 22.90 22.85 22.85 22.90 22.88 22.84 22.92 22.89 22.88
23.16 23.13 23.15 23.11 23.07 23.03 22.80 22.90 22.90 22.87 22.95 22.97 22.96 22.98 22.95 23.01 23.02 23.02 23.04 23.06 23.02 22.92 23.01 23.09 23.08 22.80 22.57 22.20 21.69 22.09 22.76 22.95 22.81 22.88 22.93 22.87 22.83 22.77 22.92 22.94 22.96 22.95 22.95 22.92 22.90 22.84 22.74 22.87 22.87 22.85 22.87 22.82 22.80 22.80 22.72 22.83 22.79 22.80 22.73 22.76 22.77 22.67 22.74 22.77 22.69 22.81 22.88 22.88 22.94 22.89 22.77 22.76 22.87 22.85 22.89 22.90 22.86
23.12 23.08 23.12 23.09 23.12 23.06 23.05 22.97 22.89 22.87 22.95 22.96 22.91 22.93 22.95 23.00 23.02 23.02 23.05 23.02 22.98 23.08 23.01 23.10 22.96 22.36 22.10 22.05 22.36 22.71 22.69 22.75 22.79 22.78 22.91 22.88 22.86 22.74 22.72 22.85 22.94 22.94 22.95 22.95 22.93 22.88 22.90 22.93 22.90 22.90 22.86 22.83 22.72 22.74 22.67 22.65 22.57 22.60 22.81 22.65 22.70 22.78 22.74 22.75 22.76 22.76 22.89 22.88 22.87 22.85 22.93 22.90 22.86 22.40 22.67 22.90 22.81
23.11 23.09 23.07 23.10 23.11 23.07 23.02 23.03 23.01 22.97 22.93 22.92 22.81 22.97 22.87 22.97 23.01 23.03 23.00 22.89 23.06 23.07 22.99 23.10 23.03 22.47 21.86 22.21 22.32 22.61 22.38 22.72 22.79 22.66 22.78 22.84 22.82 22.82 22.63 22.82 22.91 22.91 22.90 22.81 22.84 22.84 22.71 22.88 22.86 22.83 22.82 22.83 22.88 22.83 22.72 22.74 22.74 22.81 22.80 22.79 22.78 22.79 22.81 22.74 22.82 22.82 22.91 22.85 22.89 22.88 22.90 22.87 22.80 22.88 22.85 22.89 22.88
23.09 23.12 23.10 23.09 23.07 23.07 23.06 23.04 23.01 23.00 22.96 22.91 22.96 23.02 22.95 22.94 22.92 22.87 23.02 23.07 23.09 23.09 23.13 23.14 23.17 22.71 22.03 22.06 22.58 22.91 22.86 22.90 22.84 22.80 22.86 22.61 22.64 22.64 22.59 22.69 22.76 22.89 22.88 22.70 22.85 22.82 22.56 22.89 22.89 22.89 22.87 22.78 22.88 22.87 22.84 22.85 22.79 22.82 22.73 22.72 22.75 22.84 22.78 22.72 22.84 22.82 22.81 22.89 22.89 22.87 22.87 22.86 22.86 22.76 22.85 22.88 22.90
23.12 23.12 23.16 23.10 23.10 23.09 23.06 23.07 23.00 23.01 23.00 23.00 23.00 23.01 23.03 22.96 23.02 23.00 23.04 23.06 23.12 23.14 23.20 23.18 23.08 22.66 22.16 21.83 22.63 23.04 22.93 22.81 22.58 22.65 22.61 22.68 22.78 22.85 22.64 22.76 22.57 22.82 22.79 22.82 22.78 22.52 22.69 22.90 22.78 22.84 22.87 22.90 22.85 22.83 22.83 22.87 22.81 22.83 22.70 22.70 22.76 22.81 22.82 22.83 22.79 22.82 22.83 22.84 22.85 22.87 22.87 22.86 22.88 22.87 22.87 22.91 22.92
23.10 23.13 23.14 23.12 23.15 23.12 23.11 23.08 23.08 23.03 23.03 23.01 23.03 23.02 23.01 22.99 23.01 23.01 23.05 23.06 23.10 23.13 23.15 23.16 23.18 23.07 22.99 22.73 22.69 22.52 22.20 22.62 22.68 22.76 22.66 22.81 22.85 22.85 22.84 22.84 22.86 22.76 22.88 22.85 22.88 22.66 22.53 22.80 22.83 22.93 22.92 22.91 22.91 22.82 22.87 22.80 22.85 22.81 22.82 22.84 22.79 22.84 22.82 22.83 22.72 22.81 22.82 22.85 22.77 22.86 22.87 22.90 22.87 22.90 22.90 22.91 22.94
23.15 23.16 23.12 23.17 23.13 23.15 23.09 23.11 23.08 23.04 23.04 23.05 23.05 23.03 23.02 23.04 23.04 23.08 23.03 22.99 22.99 23.02 23.11 23.13 23.13 23.16 23.11 23.00 23.06 23.11 22.80 22.84 22.73 22.85 22.80 22.71 22.87 22.71 22.79 22.86 22.92 22.93 22.87 22.71 22.75 22.93 22.90 22.95 22.97 22.94 22.93 22.92 22.90 22.90 22.81 22.86 22.87 22.87 22.90 22.85 22.85 22.84 22.84 22.85 22.83 22.84 22.82 22.86 22.85 22.87 22.86 22.87 22.87 22.89 22.90 22.87 22.89
23.11 23.09 23.11 23.13 23.12 23.14 23.13 23.09 23.09 23.04 23.07 23.05 23.02 23.07 23.07 23.05 23.05 23.04 23.06 23.06 23.06 23.00 23.11 23.08 23.08 23.13 23.14 23.00 23.00 23.02 23.00 22.96 22.83 22.82 22.78 22.91 22.87 22.89 22.82 22.87 22.82 22.88 22.87 22.83 22.84 22.84 22.82 22.85 22.85 22.95 22.89 22.87 22.83 22.77 22.89 22.88 22.86 22.82 22.86 22.85 22.87 22.86 22.84 22.86 22.76 22.86 22.84 22.84 22.85 22.86 22.86 22.87 22.87 22.87 22.88 22.87 22.68
23.15 23.19 23.09 22.99 22.95 22.98 23.14 23.11 23.05 23.08 23.07 23.07 23.06 23.07 23.07 23.04 23.05 23.05 23.08 23.06 23.00 22.95 23.02 23.06 23.06 23.03 23.08 23.08 22.90 22.98 23.03 22.98 22.93 22.91 22.87 22.87 22.81 22.78 22.83 22.78 22.74 22.88 22.82 22.70 22.92 22.93 22.87 22.97 22.89 22.88 22.78 22.83 22.83 22.89 22.85 22.87 22.86 22.84 22.86 22.86 22.90 22.86 22.92 22.87 22.84 22.87 22.84 22.84 22.84 22.84 22.82 22.87 22.88 22.89 22.90 22.90 22.91
23.13 23.12 23.15 22.95 22.95 22.93 23.12 23.11 23.11 23.12 23.13 23.10 23.07 23.04 23.02 23.03 23.07 23.06 23.03 23.04 23.01 22.90 23.05 23.04 23.01 22.96 23.06 23.05 23.08 23.01 22.92 22.96 22.95 22.91 22.88 22.87 22.76 22.78 22.85 22.85 22.82 22.89 22.88 22.78 22.91 22.91 22.98 22.94 22.94 22.90 22.78 22.89 22.87 22.84 22.85 22.85 22.84 22.85 22.85 22.85 22.87 22.88 22.87 22.90 22.86 22.85 22.85 22.83 22.84 22.85 22.87 22.86 22.86 22.90 22.88 22.89 22.87
23.12 23.03 23.08 23.14 23.02 22.99 23.05 23.06 23.09 23.08 23.09 23.06 23.04 22.93 23.02 22.99 23.04 23.03 23.02 23.05 23.03 23.01 23.03 23.01 22.97 22.97 23.04 23.02 23.02 23.02 22.98 22.97 22.88 22.94 22.82 22.88 22.80 22.82 22.87 22.84 22.81 22.81 22.81 22.83 22.90 22.95 22.95 22.92 22.88 22.86 22.86 22.86 22.86 22.83 22.85 22.84 22.83 22.83 22.84 22.85 22.85 22.90 22.89 22.88 22.88 22.84 22.84 22.84 22.81 22.83 22.86 22.83 22.89 22.88 22.88 22.89 22.87
23.00 23.09 23.12 23.06 23.14 22.91 23.05 22.99 23.10 23.01 22.99 22.96 22.99 22.93 22.97 23.02 23.04 23.02 23.03 23.00 23.01 23.01 23.03 22.97 23.00 23.01 23.00 22.99 22.99 22.97 22.93 22.95 22.94 22.90 22.85 22.85 22.81 22.86 22.83 22.78 22.79 22.70 22.77 22.76 22.75 22.91 22.90 22.87 22.87 22.88 22.83 22.83 22.84 22.81 22.81 22.81 22.82 22.87 22.85 22.75 22.85 22.85 22.91 22.85 22.88 22.90 22.86 22.82 22.78 22.81 22.85 22.87 22.85 22.89 22.90 22.91 22.86
23.08 23.18 23.13 23.17 23.18 23.07 23.02 23.05 22.98 23.07 23.08 22.91 22.91 23.06 23.03 23.06 23.04 23.04 23.03 22.96 23.02 22.97 23.04 22.99 23.02 23.00 22.99 22.98 22.99 22.98 22.93 22.97 22.94 22.92 22.88 22.88 22.85 22.78 22.76 22.81 22.73 22.79 22.85 22.81 22.80 22.87 22.89 22.92 22.89 22.86 22.82 22.80 22.84 22.81 22.81 22.80 22.80 22.83 22.83 22.81 22.87 22.85 22.86 22.82 22.89 22.86 22.84 22.83 22.83 22.81 22.80 22.84 22.82 22.88 22.89 22.86 22.84
23.09 23.15 23.14 23.17 23.14 23.02 22.99 22.91 22.91 23.00 23.05 22.92 22.89 22.91 22.96 23.02 22.95 23.03 23.05 23.01 22.99 23.02 23.06 23.03 23.01 23.02 23.01 22.99 22.99 22.98 22.98 22.98 22.95 22.97 22.93 22.90 22.86 22.84 22.85 22.82 22.78 22.77 22.70 22.74 22.72 22.76 22.85 22.87 22.85 22.85 22.81 22.81 22.81 22.78 22.79 22.82 22.78 22.79 22.81 22.79 22.80 22.83 22.85 22.85 22.81 22.83 22.81 22.79 22.82 22.82 22.81 22.82 22.86 22.85 22.86 22.87 22.85
23.11 23.15 23.21 23.10 23.16 23.15 23.08 23.11 22.97 23.10 22.96 22.93 23.09 23.08 22.99 23.09 23.08 23.07 23.04 23.02 23.01 23.03 23.08 23.05 23.05 23.04 23.02 23.00 22.99 22.99 22.97 22.99 22.99 22.96 22.93 22.95 22.93 22.89 22.75 22.75 22.86 22.73 22.78 22.80 22.74 22.59 22.85 22.85 22.84 22.85 22.80 22.79 22.79 22.77 22.79 22.77 22.78 22.79 22.81 22.78 22.77 22.79 22.79 22.81 22.81 22.83 22.78 22.78 22.80 22.79 22.79 22.82 22.84 22.84 22.84 22.86 22.86
