solar.daily.grid
ncols 839
nrows 679
xllcenter 112.0500
yllcenter -43.9500
cellsize 0.0500
nodata_value -99.9900
[rows 204 to 237 of 679, columns 77 to 153 of 839]
23.54 -99.99 -99.99 -99.99 -99.99 23.67 24.03 24.03 23.88 23.88 23.88 23.88 23.88 23.88 23.88 23.88 23.88 23.88 23.88 23.88 23.88 23.55 23.55 23.55 23.55 23.55 23.55 23.55 23.55 23.62 23.02 23.02 23.02 23.02 23.65 23.79 23.96 23.96 23.62 23.62 23.62 23.62 23.62 23.91 23.91 23.91 23.88 23.73 23.98 24.03 23.81 24.14 24.14 24.14 24.30 24.16 23.92 23.97 24.05 24.04 24.04 24.15 24.04 24.21 24.17 24.07 24.15 23.97 23.80 23.69 23.83 24.01 24.21 24.07 24.16 24.25 24.33
23.54 -99.99 -99.99 23.82 23.82 23.82 23.82 23.82 23.82 23.88 23.88 23.88 23.88 23.88 23.88 23.88 23.88 23.88 23.88 23.88 23.88 23.55 23.55 23.55 23.55 23.55 23.55 23.55 23.62 23.62 23.02 23.02 23.02 23.02 23.02 23.65 23.79 23.96 23.96 23.62 23.62 23.62 23.62 23.91 23.91 23.91 23.88 23.73 23.98 24.03 23.81 23.74 24.14 24.14 24.30 24.16 23.92 23.97 24.05 24.05 23.78 24.00 24.22 24.19 24.41 24.14 24.14 24.09 24.00 24.06 24.03 24.06 24.13 24.17 24.31 24.24 24.36
23.54 23.47 23.47 23.47 23.47 23.47 23.47 23.47 23.47 23.82 23.88 23.88 23.88 23.88 23.88 23.88 23.88 23.88 23.88 23.88 23.88 23.55 23.55 23.55 23.55 23.55 23.55 23.55 23.62 23.62 23.49 23.02 23.02 23.02 23.02 23.65 23.65 23.79 23.96 23.96 23.62 23.62 23.62 23.62 23.91 23.91 23.88 23.73 23.98 24.03 23.81 23.74 24.14 24.14 24.30 24.16 23.92 23.97 24.32 24.30 24.14 24.09 24.14 24.19 24.42 24.37 24.09 24.03 24.09 24.06 24.09 24.06 24.07 23.84 24.05 24.15 24.08
23.88 23.88 23.88 23.88 23.88 23.88 23.47 23.47 23.47 23.82 24.03 23.88 23.88 23.88 23.88 23.88 23.88 23.88 23.88 23.88 23.88 23.55 23.55 23.55 23.55 23.55 23.55 23.62 23.62 23.36 23.49 23.02 23.02 23.02 23.02 23.65 23.65 23.79 23.79 23.96 23.96 23.62 23.62 23.62 23.91 23.91 23.88 23.73 23.98 24.03 23.81 23.74 23.94 24.16 24.17 24.23 24.17 24.16 24.17 24.17 24.22 24.34 24.15 24.23 24.21 24.25 24.16 24.05 23.99 23.98 24.22 24.12 24.09 24.03 23.75 24.06 24.14
23.88 23.88 23.88 23.88 23.88 23.88 23.47 23.47 23.47 23.82 23.82 24.03 23.88 23.88 23.88 23.88 23.88 23.88 23.88 23.88 23.88 23.55 23.55 23.55 23.55 23.55 23.55 23.62 23.62 23.36 23.49 23.02 23.02 23.02 23.02 23.65 23.65 23.65 23.79 23.79 23.96 23.96 23.62 23.62 23.85 23.78 23.62 23.70 23.87 23.83 23.94 23.83 24.04 24.08 24.11 24.07 23.91 23.96 24.00 24.02 24.31 24.30 24.16 24.14 24.16 24.26 24.21 24.15 24.04 24.02 24.17 24.15 24.04 23.98 23.96 24.05 24.02
23.88 23.88 23.88 23.88 23.88 23.88 23.88 23.47 23.47 23.47 23.82 23.82 24.03 23.88 23.88 23.88 23.88 23.88 23.88 23.88 23.39 23.55 23.55 23.55 23.55 23.55 23.62 23.62 23.62 23.36 23.49 23.02 23.02 23.02 23.02 23.47 23.65 23.65 23.10 23.79 23.79 23.96 23.96 23.74 23.83 23.61 23.64 23.53 23.67 23.72 23.86 24.00 23.93 23.92 24.05 24.17 24.00 23.85 23.93 24.14 24.23 24.26 23.85 24.12 24.26 24.33 24.11 24.10 24.05 24.09 24.13 24.29 24.08 23.85 23.92 23.92 23.99
23.88 23.88 23.88 23.88 23.88 23.88 23.88 23.47 23.47 23.47 23.82 23.82 24.03 24.03 23.88 23.88 23.88 23.88 23.88 23.88 23.39 23.55 23.55 23.55 23.55 23.55 23.62 23.62 23.36 23.36 23.49 23.24 23.02 23.02 23.02 23.47 23.65 23.65 23.65 23.10 23.79 23.79 23.37 23.67 24.20 24.05 23.74 23.60 23.66 23.80 23.85 23.97 23.98 24.00 24.23 24.20 24.10 24.01 24.01 24.12 24.22 24.31 24.18 24.14 24.20 24.21 24.08 24.02 24.09 24.03 24.18 24.20 24.08 23.87 23.87 23.85 23.94
23.88 23.88 23.88 23.88 23.88 23.88 23.88 23.47 23.47 23.47 23.82 23.82 23.82 24.03 24.03 23.88 23.88 23.88 23.88 23.88 23.39 23.39 23.55 23.55 23.55 23.62 23.62 23.62 23.36 23.36 23.49 23.24 23.02 23.02 23.02 23.47 23.17 23.65 23.65 23.10 23.10 23.75 24.10 24.17 23.98 23.97 23.89 23.64 23.52 23.69 23.79 23.80 23.92 24.05 24.11 24.14 23.99 23.98 23.94 23.93 24.12 24.15 23.98 24.08 24.10 24.20 24.09 24.03 24.03 24.00 24.12 24.21 24.07 23.93 23.95 23.94 23.99
23.88 23.88 23.88 23.88 23.88 23.88 23.88 23.47 23.47 23.47 23.47 23.82 23.82 23.67 24.03 24.03 23.88 23.88 23.88 23.88 23.39 23.39 23.55 23.55 23.55 23.62 23.62 23.49 23.36 23.36 23.49 23.24 23.32 23.02 23.02 23.47 23.17 23.65 23.65 23.65 22.17 23.82 24.21 24.20 23.82 24.01 23.95 23.80 23.67 23.80 23.84 23.94 23.84 23.97 24.11 24.05 24.05 24.01 24.01 24.12 24.10 23.97 24.10 24.08 24.28 24.10 24.11 24.10 23.95 23.98 24.07 24.10 24.02 24.13 24.03 23.96 23.91
23.88 23.88 23.88 23.88 23.88 23.88 23.88 23.54 23.47 23.47 23.47 23.82 23.82 23.82 23.67 24.03 24.03 23.67 23.67 23.64 23.39 23.39 23.48 23.48 23.42 23.62 23.62 23.49 23.36 23.36 23.49 23.24 23.32 23.02 23.02 23.47 23.17 22.89 23.42 23.65 23.84 23.91 23.95 24.02 24.09 24.03 23.99 23.81 23.72 23.84 23.79 23.92 23.93 24.01 24.13 24.11 24.05 24.10 24.07 24.07 24.02 24.03 24.19 24.08 24.09 24.14 24.22 24.12 24.08 24.07 24.07 24.08 24.01 24.27 24.23 24.10 23.99
23.88 23.88 23.88 23.88 23.88 23.88 23.88 23.54 23.47 23.47 23.47 23.55 23.82 23.82 23.67 23.67 23.65 23.82 23.63 23.64 23.51 23.33 23.43 23.71 23.48 23.47 23.50 23.49 23.36 23.36 23.49 23.24 23.32 22.38 22.75 23.43 23.45 23.47 23.43 23.59 23.81 23.90 23.89 23.82 23.89 24.10 24.01 23.80 23.73 23.74 23.86 24.04 23.99 24.06 24.06 24.04 23.97 23.71 23.84 23.87 24.02 24.03 24.06 23.88 23.98 23.98 23.93 24.06 24.06 24.04 24.16 24.12 23.99 24.16 24.19 24.10 24.00
23.57 23.88 23.88 23.88 23.88 23.88 23.88 23.54 23.50 23.47 23.47 23.55 23.82 23.82 23.60 23.67 23.66 23.60 23.65 23.61 23.59 23.50 23.52 23.45 23.52 23.45 23.40 23.43 23.19 22.94 23.50 23.27 23.21 23.17 22.99 23.30 23.19 23.49 23.60 23.73 23.80 23.71 23.70 23.73 23.87 24.02 24.12 24.04 23.92 23.91 23.89 23.99 24.04 24.02 24.04 23.96 23.82 23.89 23.86 23.88 23.92 24.01 23.86 23.79 23.93 23.98 23.95 23.97 24.11 24.03 24.03 24.09 24.15 24.05 24.06 23.92 24.10
23.57 23.57 23.88 23.88 23.88 23.88 23.88 23.54 23.50 23.47 23.47 23.55 23.67 23.75 23.63 23.52 23.66 23.64 23.58 23.50 23.56 23.64 23.60 23.52 23.60 23.69 23.59 23.63 23.34 23.36 23.48 23.14 23.30 23.26 23.07 23.37 23.27 23.39 23.71 23.79 23.77 23.59 23.78 23.93 23.88 23.93 24.04 24.00 24.00 24.02 23.91 23.95 23.92 23.85 23.93 23.85 23.91 23.87 23.87 23.99 24.02 24.04 23.99 23.81 23.95 23.86 23.91 24.03 24.01 23.96 24.04 24.13 24.01 24.08 24.14 24.08 24.10
23.41 23.57 23.57 23.51 23.88 23.88 23.88 23.54 23.50 23.29 23.26 23.42 23.34 23.65 23.56 23.49 23.58 23.48 23.56 23.58 23.53 23.59 23.70 23.74 23.59 23.56 23.49 23.38 23.39 23.36 23.51 23.42 23.34 23.45 23.44 23.48 23.55 23.80 23.70 23.73 23.90 23.88 23.85 23.75 23.86 23.89 23.99 24.03 24.06 23.89 23.84 23.90 23.84 23.78 23.82 23.87 23.73 23.77 23.88 23.79 23.93 23.95 23.86 23.85 23.88 23.96 23.99 23.98 23.89 23.93 23.97 24.03 24.01 24.04 24.07 24.08 24.11
23.41 23.57 23.57 23.57 23.51 23.67 23.67 23.51 23.36 23.35 23.25 23.22 23.29 23.39 23.49 23.39 23.73 23.63 23.58 23.57 23.47 23.54 23.71 23.68 23.49 23.66 23.47 23.37 23.30 23.34 23.40 23.36 23.31 23.42 23.51 23.69 23.73 23.84 23.86 23.85 23.92 23.98 23.87 23.74 23.83 23.89 23.97 24.05 24.11 23.99 23.88 23.87 23.74 23.79 23.77 23.81 23.89 23.79 23.78 23.85 23.84 23.98 23.90 23.87 23.89 24.01 23.96 23.96 24.01 24.02 24.04 23.99 24.06 24.11 24.15 24.08 24.06
23.41 23.41 23.57 23.57 23.51 23.51 23.45 23.35 23.40 23.35 23.25 23.30 23.42 23.27 23.23 23.57 23.70 23.70 23.75 23.64 23.49 23.50 23.55 23.55 23.46 23.37 23.39 23.31 23.27 23.32 23.32 23.24 23.21 23.36 23.47 23.70 23.78 23.84 23.63 23.72 23.81 23.94 23.88 23.75 23.87 23.88 23.94 23.88 23.97 24.01 23.94 23.85 23.90 23.79 23.76 23.74 23.85 23.83 23.82 23.95 23.86 23.90 23.94 23.89 23.89 24.00 24.05 23.99 24.01 24.08 23.99 23.97 24.09 24.09 24.10 24.07 24.05
23.41 23.41 23.57 23.57 23.50 23.52 23.49 23.32 23.37 23.29 23.23 23.73 23.62 23.29 23.31 23.54 23.70 23.71 23.65 23.58 23.60 23.35 23.57 23.53 23.53 23.48 23.53 23.38 23.46 23.51 23.44 23.42 23.37 23.38 23.53 23.72 23.81 23.62 23.50 23.67 23.75 23.89 23.84 23.61 23.81 23.89 23.89 23.92 23.99 24.03 23.95 23.91 23.74 23.81 23.77 23.82 23.84 23.79 23.92 23.87 23.92 23.86 23.90 23.87 23.94 23.97 24.01 23.96 23.97 24.00 23.96 23.96 24.14 24.12 24.06 24.11 23.98
23.41 23.41 23.68 23.59 23.58 23.52 23.44 23.27 23.28 23.23 23.42 23.89 23.54 23.18 23.24 23.55 23.45 23.55 23.47 23.78 23.66 23.55 23.61 23.60 23.53 23.48 23.65 23.48 23.40 23.39 23.48 23.47 23.40 23.56 23.67 23.66 23.62 23.64 23.59 23.53 23.62 23.74 23.67 23.73 23.85 23.88 23.87 23.89 23.87 23.88 23.90 23.84 23.73 23.79 23.78 23.79 23.86 23.78 23.76 23.86 23.99 23.90 23.80 23.84 23.88 23.90 23.97 23.95 23.97 24.00 23.94 23.96 24.04 24.07 24.09 24.07 24.00
23.67 22.58 23.44 23.57 23.51 23.43 23.38 23.37 23.31 23.27 23.40 23.44 23.18 23.20 23.24 23.39 23.18 23.37 23.37 23.43 23.49 23.43 23.51 23.53 23.49 23.47 23.64 23.43 23.28 23.45 23.47 23.50 23.37 23.53 23.64 23.62 23.58 23.51 23.60 23.53 23.62 23.68 23.77 23.68 23.73 23.71 23.76 23.77 23.82 23.70 23.68 23.75 23.83 23.80 23.54 23.67 23.88 23.79 23.56 23.80 23.84 23.88 23.84 23.87 23.93 23.96 23.94 23.92 24.02 23.97 24.01 24.02 24.01 23.99 23.96 24.00 24.02
23.13 21.55 23.34 23.47 23.41 23.41 23.41 23.40 23.52 23.43 23.34 23.21 23.26 23.21 23.28 23.29 23.15 23.22 23.21 23.24 23.37 23.36 23.51 23.49 23.54 23.53 23.43 23.40 23.23 23.32 23.52 23.63 23.40 23.41 23.49 23.46 23.54 23.61 23.54 23.64 23.79 23.75 23.76 23.85 23.76 23.76 23.81 23.83 23.77 23.66 23.65 23.78 23.84 23.84 23.81 23.76 23.76 23.74 23.78 23.70 23.72 23.79 23.84 23.86 23.87 23.90 23.95 23.99 23.99 24.01 23.98 23.95 23.90 23.92 23.87 23.79 23.88
23.46 23.33 23.38 23.41 23.51 23.45 23.37 23.44 23.48 23.58 23.46 23.49 23.48 23.47 23.54 23.46 23.18 23.17 23.23 23.27 23.19 23.35 23.34 23.38 23.41 23.36 23.28 23.34 23.42 23.41 23.46 23.50 23.51 23.43 23.36 23.37 23.52 23.55 23.61 23.63 23.70 23.78 23.76 23.78 23.74 23.76 23.76 23.60 23.64 23.68 23.68 23.72 23.73 23.76 23.76 23.72 23.57 23.67 23.89 23.80 23.80 23.75 23.73 23.84 23.91 23.92 23.95 23.93 23.87 23.85 23.88 23.92 23.90 23.89 23.87 23.94 23.84
23.46 23.43 23.45 23.49 23.55 23.44 23.41 23.50 23.54 23.53 23.46 23.49 23.49 23.50 23.61 23.51 23.41 23.36 23.21 23.30 23.20 23.39 23.35 23.40 23.29 23.24 23.21 23.21 23.32 23.13 23.23 23.40 23.33 23.29 23.40 23.48 23.48 23.46 23.55 23.60 23.64 23.71 23.68 23.72 23.67 23.60 23.60 23.57 23.62 23.66 23.70 23.68 23.77 23.79 23.78 23.71 23.68 23.71 23.78 23.83 23.78 23.77 23.78 23.83 23.88 23.89 23.94 23.89 23.86 23.81 23.70 23.71 23.76 23.89 23.87 23.88 23.91
23.45 23.50 23.53 23.59 23.56 23.45 23.39 23.33 23.43 23.42 23.41 23.47 23.45 23.32 23.35 23.33 23.40 23.47 23.24 23.27 23.39 23.46 23.44 23.43 23.29 22.98 22.90 23.01 23.12 23.14 23.18 23.13 23.27 23.46 23.46 23.35 23.38 23.45 23.44 23.48 23.50 23.56 23.72 23.71 23.64 23.62 23.71 23.77 23.61 23.74 23.63 23.71 23.87 23.91 23.65 23.83 23.68 23.77 23.85 23.79 23.78 23.62 23.79 23.81 23.74 23.96 23.82 23.72 23.76 23.75 23.68 23.66 23.61 23.81 23.83 23.86 23.89
23.59 23.47 23.49 23.57 23.61 23.46 23.31 23.34 23.37 23.47 23.41 23.23 23.24 23.21 23.30 23.35 23.36 23.30 23.18 23.40 23.45 23.44 23.34 23.24 23.06 22.88 23.03 23.14 23.18 23.18 23.16 23.33 23.28 23.48 23.57 23.38 23.46 23.40 23.30 23.40 23.49 23.54 23.63 23.71 23.70 23.59 23.47 23.56 23.67 23.72 23.75 23.72 23.80 23.78 23.80 23.83 23.73 23.63 23.69 23.76 23.69 23.60 23.74 23.84 23.87 23.87 23.74 23.68 23.69 23.73 23.86 23.76 23.73 23.70 23.75 23.79 23.87
23.50 23.57 23.52 23.57 23.62 23.44 23.31 23.28 23.28 23.43 23.34 23.16 23.28 23.24 23.18 23.26 23.19 23.12 23.26 23.38 23.33 23.34 23.32 23.25 23.16 23.21 23.25 23.37 23.24 23.26 23.28 23.30 23.40 23.59 23.54 23.49 23.42 23.33 23.28 23.41 23.46 23.51 23.55 23.61 23.63 23.60 23.54 23.65 23.69 23.70 23.72 23.68 23.73 23.67 23.84 23.79 23.63 23.62 23.72 23.73 23.72 23.67 23.64 23.73 23.82 23.74 23.62 23.77 23.79 23.82 23.80 23.81 23.77 23.73 23.76 23.76 23.88
23.50 23.49 23.51 23.57 23.60 23.53 23.41 23.26 23.26 23.23 23.27 23.18 23.18 23.22 23.21 23.21 23.06 23.07 23.30 23.33 23.43 23.36 23.46 23.38 23.40 23.45 23.40 23.45 23.52 23.41 23.37 23.42 23.58 23.54 23.37 23.36 23.42 23.26 23.27 23.31 23.34 23.47 23.51 23.51 23.69 23.72 23.63 23.63 23.78 23.70 23.59 23.62 23.56 23.77 23.76 23.93 23.79 23.65 23.83 23.73 23.71 23.66 23.61 23.62 23.66 23.77 23.76 23.76 23.70 23.77 23.84 23.74 23.85 23.84 23.82 23.81 23.91
23.46 23.48 23.43 23.49 23.52 23.45 23.40 23.31 23.20 23.15 23.21 23.09 23.10 23.03 23.00 22.94 23.19 23.13 23.11 23.34 23.37 23.24 23.42 23.32 23.44 23.52 23.46 23.50 23.54 23.57 23.54 23.61 23.68 23.55 23.37 23.23 23.26 23.11 23.31 23.34 23.33 23.50 23.39 23.57 23.68 23.77 23.73 23.72 23.65 23.61 23.55 23.57 23.65 23.75 23.72 23.82 23.75 23.67 23.79 23.69 23.45 23.45 23.49 23.69 23.71 23.72 23.73 23.67 23.67 23.68 23.75 23.79 23.81 23.89 23.79 23.88 23.79
23.27 23.41 23.41 23.37 23.45 23.42 23.39 23.32 23.22 23.19 23.20 23.17 23.01 23.03 23.10 23.11 23.03 23.05 23.14 23.27 23.16 23.40 23.33 23.44 23.31 23.37 23.34 23.36 23.44 23.48 23.58 23.60 23.45 23.47 23.41 23.31 23.21 23.01 23.19 23.32 23.38 23.45 23.50 23.47 23.64 23.72 23.68 23.56 23.53 23.56 23.51 23.53 23.64 23.70 23.76 23.77 23.69 23.78 23.71 23.69 23.67 23.66 23.56 23.64 23.68 23.65 23.71 23.70 23.64 23.80 23.76 23.75 23.83 23.79 23.72 23.73 23.81
23.37 23.32 23.33 23.36 23.30 23.38 23.36 23.32 23.31 23.32 23.24 23.20 23.20 23.12 23.12 23.05 23.02 23.13 23.19 23.21 23.14 23.42 23.46 23.48 23.39 23.47 23.54 23.48 23.44 23.51 23.42 23.37 23.60 23.56 23.32 23.38 23.35 23.16 23.21 23.24 23.32 23.38 23.50 23.42 23.53 23.70 23.69 23.50 23.42 23.52 23.48 23.62 23.65 23.62 23.70 23.67 23.77 23.75 23.57 23.70 23.63 23.62 23.72 23.70 23.67 23.59 23.56 23.70 23.74 23.80 23.75 23.70 23.69 23.59 23.59 23.60 23.72
23.43 23.34 23.33 23.38 23.30 23.32 23.40 23.37 23.39 23.25 23.21 23.13 23.14 23.08 23.19 23.18 23.16 23.36 23.33 23.25 23.25 23.29 23.29 23.38 23.39 23.47 23.38 23.36 23.26 23.55 23.38 23.50 23.53 23.52 23.49 23.59 23.47 23.39 23.27 23.35 23.27 23.40 23.42 23.53 23.55 23.62 23.55 23.57 23.47 23.52 23.63 23.68 23.64 23.66 23.61 23.65 23.70 23.71 23.73 23.66 23.62 23.66 23.71 23.64 23.65 23.73 23.61 23.61 23.68 23.60 23.64 23.69 23.52 23.29 23.59 23.55 23.73
23.26 23.25 23.27 23.36 23.26 23.22 23.32 23.26 23.35 23.35 23.36 23.31 23.31 23.25 23.21 23.32 23.31 23.34 23.27 23.18 23.27 23.24 23.31 23.30 23.26 23.30 23.37 23.45 23.43 23.46 23.40 23.47 23.50 23.47 23.42 23.51 23.41 23.58 23.42 23.38 23.31 23.36 23.31 23.43 23.32 23.25 23.37 23.51 23.54 23.57 23.65 23.65 23.64 23.59 23.57 23.60 23.71 23.69 23.55 23.65 23.72 23.64 23.68 23.68 23.73 23.65 23.76 23.64 23.66 23.66 23.68 23.64 23.52 23.48 23.57 23.58 23.71
23.15 23.24 23.23 23.35 23.36 23.32 23.20 23.22 23.26 23.35 23.47 23.40 23.33 23.37 23.42 23.37 23.27 23.36 23.27 23.09 23.26 23.28 23.29 23.25 23.13 23.25 23.28 23.38 23.45 23.40 23.36 23.44 23.45 23.40 23.36 23.53 23.44 23.29 22.92 23.19 23.23 23.43 23.54 23.52 23.37 23.08 23.13 23.46 23.60 23.61 23.61 23.58 23.57 23.73 23.92 23.84 23.62 23.68 23.55 23.60 23.69 23.65 23.57 23.62 23.63 23.79 23.65 23.62 23.69 23.68 23.71 23.70 23.51 23.52 23.52 23.54 23.63
23.11 23.10 23.22 23.24 23.37 23.28 23.26 23.18 23.28 23.20 23.37 23.41 23.34 23.37 23.34 23.29 23.27 23.35 23.28 23.22 23.32 23.23 23.22 23.25 23.27 23.28 23.36 23.31 23.27 23.27 23.31 23.29 23.24 23.31 23.56 23.51 23.42 23.26 23.17 23.15 23.23 23.36 23.48 23.52 23.49 23.20 23.25 23.44 23.48 23.42 23.48 23.38 23.58 23.78 23.93 23.74 23.66 23.53 23.58 23.56 23.48 23.67 23.58 23.56 23.66 23.61 23.52 23.58 23.63 23.50 23.67 23.55 23.61 23.51 23.48 23.59 23.63
23.08 23.11 23.16 23.23 23.30 23.22 23.15 23.12 23.14 23.20 23.23 23.32 23.30 23.20 23.24 23.21 23.27 23.27 23.28 23.41 23.38 23.33 23.26 23.28 23.34 23.31 23.36 23.24 23.26 23.32 23.28 23.31 23.29 23.27 23.47 23.41 23.46 23.40 23.41 23.34 23.48 23.30 23.50 23.58 23.54 23.15 23.09 23.26 23.25 23.32 23.37 23.22 23.27 23.57 23.82 23.51 23.58 23.50 23.52 23.52 23.60 23.58 23.57 23.62 23.61 23.70 23.57 23.62 23.46 23.46 23.60 23.54 23.44 23.39 23.52 23.68 23.58
