solar.monthly.grid
ncols 839
nrows 679
xllcenter 112.0500
yllcenter -43.9500
cellsize 0.0500
nodata_value -99.9900
[rows 68 to 101 of 679, columns 231 to 307 of 839]
-99.99 -99.99 -99.99 -99.99 -99.99 -99.99 -99.99 -99.99 -99.99 -99.99 -99.99 -99.99 -99.99 -99.99 -99.99 -99.99 -99.99 -99.99 -99.99 -99.99 -99.99 -99.99 -99.99 -99.99 -99.99 -99.99 -99.99 -99.99 -99.99 -99.99 -99.99 -99.99 -99.99 -99.99 -99.99 -99.99 -99.99 -99.99 -99.99 -99.99 22.05 22.05 22.05 22.05 22.05 22.05 22.05 22.05 22.05 22.05 22.05 22.05 22.05 22.05 22.05 22.05 21.17 21.17 21.17 21.17 21.17 21.17 21.17 21.17 21.17 21.17 21.14 20.99 20.99 20.99 20.99 20.99 20.99 20.99 20.99 21.57 21.57
-99.99 -99.99 -99.99 -99.99 -99.99 -99.99 -99.99 -99.99 -99.99 -99.99 -99.99 -99.99 -99.99 -99.99 -99.99 -99.99 -99.99 -99.99 -99.99 -99.99 -99.99 -99.99 -99.99 -99.99 -99.99 -99.99 -99.99 -99.99 -99.99 -99.99 -99.99 -99.99 -99.99 -99.99 -99.99 -99.99 -99.99 -99.99 -99.99 -99.99 22.05 22.05 22.05 22.05 22.05 22.05 22.05 22.05 22.05 22.05 22.05 22.05 22.05 22.05 22.05 22.05 21.17 21.17 21.17 21.17 21.17 21.17 21.17 21.17 21.17 21.17 21.14 20.99 20.99 20.99 20.99 20.99 20.99 20.99 20.98 21.57 21.57
-99.99 -99.99 -99.99 -99.99 -99.99 -99.99 -99.99 -99.99 -99.99 -99.99 -99.99 -99.99 -99.99 -99.99 -99.99 -99.99 -99.99 -99.99 -99.99 -99.99 -99.99 -99.99 -99.99 -99.99 -99.99 -99.99 -99.99 -99.99 -99.99 -99.99 -99.99 -99.99 -99.99 -99.99 -99.99 -99.99 -99.99 -99.99 22.35 22.35 22.05 22.05 22.05 22.05 22.05 22.05 22.05 22.05 22.05 22.05 22.05 22.05 22.05 22.05 22.05 22.05 21.17 21.17 21.17 21.17 21.17 21.17 21.17 21.17 21.17 21.17 21.14 20.99 20.99 20.99 20.99 20.99 20.99 20.99 20.98 21.57 21.57
-99.99 -99.99 -99.99 -99.99 -99.99 -99.99 -99.99 -99.99 -99.99 -99.99 -99.99 -99.99 -99.99 -99.99 -99.99 -99.99 -99.99 -99.99 -99.99 -99.99 -99.99 -99.99 -99.99 -99.99 -99.99 -99.99 -99.99 -99.99 -99.99 -99.99 -99.99 -99.99 -99.99 -99.99 -99.99 -99.99 -99.99 -99.99 22.35 22.35 22.35 22.05 22.05 22.05 22.05 22.05 22.05 22.05 22.05 22.05 22.05 22.05 22.05 22.05 22.05 22.05 21.17 21.17 21.17 21.17 21.17 21.17 21.17 21.17 21.17 21.17 21.14 20.99 20.99 20.99 20.99 20.99 20.99 20.98 20.98 21.57 21.57
-99.99 -99.99 -99.99 -99.99 -99.99 -99.99 -99.99 -99.99 -99.99 -99.99 -99.99 -99.99 -99.99 -99.99 -99.99 -99.99 -99.99 -99.99 -99.99 -99.99 -99.99 -99.99 -99.99 -99.99 -99.99 -99.99 -99.99 -99.99 -99.99 -99.99 -99.99 -99.99 -99.99 -99.99 -99.99 -99.99 -99.99 -99.99 22.35 22.35 22.35 22.35 22.05 22.05 22.05 22.05 22.05 22.05 22.05 22.05 22.05 22.05 22.05 22.05 22.05 22.05 21.08 21.17 21.17 21.17 21.17 21.17 21.17 21.17 21.17 21.17 21.14 20.99 20.99 20.99 20.99 20.99 20.70 20.98 20.98 21.57 21.57
-99.99 -99.99 -99.99 -99.99 -99.99 -99.99 -99.99 -99.99 -99.99 -99.99 -99.99 -99.99 -99.99 -99.99 -99.99 -99.99 -99.99 -99.99 -99.99 -99.99 -99.99 -99.99 -99.99 -99.99 -99.99 -99.99 -99.99 -99.99 -99.99 -99.99 -99.99 -99.99 -99.99 -99.99 -99.99 -99.99 -99.99 -99.99 22.35 22.35 22.35 22.35 22.35 22.05 22.05 22.05 22.05 22.05 22.05 22.05 22.05 22.05 22.05 22.05 22.05 22.05 21.08 21.06 21.17 21.17 21.17 21.17 21.17 21.17 21.17 21.17 21.14 20.99 20.99 20.99 20.99 20.70 20.70 20.98 20.98 21.57 21.57
-99.99 -99.99 -99.99 -99.99 -99.99 -99.99 -99.99 -99.99 -99.99 -99.99 -99.99 -99.99 -99.99 -99.99 -99.99 -99.99 -99.99 -99.99 -99.99 -99.99 -99.99 -99.99 -99.99 -99.99 -99.99 -99.99 -99.99 -99.99 -99.99 -99.99 -99.99 -99.99 -99.99 -99.99 -99.99 -99.99 -99.99 -99.99 22.35 22.35 22.35 22.35 22.35 22.35 22.05 22.05 22.05 22.05 22.05 22.05 22.05 22.05 22.05 22.05 22.05 21.08 21.08 21.06 21.17 21.17 21.17 21.17 21.17 21.17 21.17 21.17 21.14 20.99 20.99 20.99 20.70 20.70 20.98 20.98 20.98 21.57 21.57
-99.99 -99.99 -99.99 -99.99 -99.99 -99.99 -99.99 -99.99 -99.99 -99.99 -99.99 -99.99 -99.99 -99.99 -99.99 -99.99 -99.99 -99.99 -99.99 -99.99 -99.99 -99.99 -99.99 -99.99 -99.99 -99.99 -99.99 -99.99 -99.99 -99.99 22.93 22.93 22.93 22.93 22.93 22.93 22.93 22.93 22.93 22.93 22.35 22.35 22.35 22.35 22.35 22.05 22.05 22.05 22.05 22.05 22.05 22.05 22.05 22.05 22.05 21.08 21.08 21.06 21.06 21.17 21.17 21.17 21.17 21.17 21.17 21.17 21.14 20.99 20.99 20.70 20.70 20.98 20.98 20.98 20.98 21.57 21.57
-99.99 -99.99 -99.99 -99.99 -99.99 -99.99 -99.99 -99.99 -99.99 -99.99 -99.99 -99.99 -99.99 -99.99 -99.99 -99.99 -99.99 -99.99 -99.99 -99.99 -99.99 -99.99 -99.99 -99.99 -99.99 -99.99 -99.99 -99.99 -99.99 -99.99 22.93 22.93 22.93 22.93 22.93 22.93 22.93 22.93 22.93 22.93 22.35 22.35 22.35 22.35 22.35 22.35 22.05 22.05 22.05 22.05 22.05 22.05 22.05 22.05 22.05 21.08 21.08 21.06 21.06 21.06 21.36 21.36 21.36 21.36 21.36 21.17 21.13 20.82 20.70 20.70 20.98 20.98 20.98 20.98 20.98 21.57 21.57
-99.99 -99.99 -99.99 -99.99 -99.99 -99.99 -99.99 -99.99 -99.99 -99.99 -99.99 -99.99 -99.99 -99.99 -99.99 -99.99 -99.99 -99.99 -99.99 -99.99 -99.99 -99.99 -99.99 -99.99 -99.99 -99.99 -99.99 -99.99 -99.99 -99.99 22.93 22.93 22.93 22.93 22.93 22.93 22.93 22.93 22.93 22.93 22.93 22.35 22.35 22.35 22.35 22.35 22.35 22.05 22.05 22.05 22.05 22.05 22.05 22.05 21.08 21.08 21.08 21.06 21.06 21.06 21.36 21.36 21.36 21.36 21.36 21.06 20.92 20.85 20.67 20.98 20.98 20.98 20.98 20.98 20.98 21.57 21.57
-99.99 -99.99 -99.99 -99.99 -99.99 -99.99 -99.99 -99.99 -99.99 -99.99 -99.99 -99.99 -99.99 -99.99 -99.99 -99.99 -99.99 -99.99 -99.99 -99.99 -99.99 -99.99 -99.99 -99.99 -99.99 -99.99 -99.99 -99.99 -99.99 -99.99 22.93 22.93 22.93 22.93 22.93 22.93 22.93 22.93 22.93 22.93 22.93 22.59 22.35 22.35 22.35 22.35 22.35 22.35 22.05 22.05 22.05 22.05 22.05 21.69 21.08 21.08 21.08 21.06 21.06 21.06 21.06 21.08 20.93 20.93 20.77 20.77 20.88 20.88 20.74 20.77 20.77 20.83 20.98 20.98 20.98 21.57 21.57
-99.99 -99.99 -99.99 -99.99 -99.99 -99.99 -99.99 -99.99 -99.99 -99.99 -99.99 -99.99 -99.99 -99.99 -99.99 -99.99 -99.99 -99.99 -99.99 -99.99 -99.99 22.50 22.50 22.50 22.50 22.50 22.50 22.50 22.50 22.50 22.50 22.50 22.93 22.93 22.93 22.93 22.93 22.93 22.93 22.93 22.93 22.59 22.35 22.35 22.35 22.35 22.35 22.35 22.35 22.07 22.05 21.69 21.69 21.69 21.08 21.08 21.08 21.06 21.06 21.06 21.06 21.08 21.08 20.93 20.93 20.52 20.48 20.46 20.40 20.61 20.75 20.83 20.85 20.77 21.00 21.31 21.53
-99.99 -99.99 -99.99 -99.99 -99.99 -99.99 -99.99 -99.99 -99.99 -99.99 -99.99 -99.99 -99.99 -99.99 -99.99 -99.99 -99.99 -99.99 -99.99 -99.99 -99.99 22.50 22.50 22.50 22.50 22.50 22.50 22.50 22.50 22.50 22.50 22.50 22.50 22.93 22.93 22.93 22.93 22.93 22.93 22.93 22.93 22.59 22.59 22.35 22.35 22.35 22.35 22.35 22.35 22.07 21.98 21.69 21.69 21.69 21.24 21.08 21.08 21.06 21.06 21.06 20.89 21.08 21.08 21.08 20.90 20.53 20.47 20.41 20.38 20.38 20.48 20.66 21.13 21.23 21.19 21.28 21.33
-99.99 -99.99 -99.99 -99.99 -99.99 -99.99 -99.99 -99.99 -99.99 -99.99 -99.99 -99.99 -99.99 -99.99 -99.99 -99.99 -99.99 -99.99 -99.99 -99.99 22.63 22.50 22.50 22.50 22.50 22.50 22.50 22.50 22.50 22.50 22.50 22.50 22.50 22.93 22.93 22.93 22.93 22.93 22.93 22.93 22.93 22.59 22.59 22.59 22.35 22.35 22.35 22.35 22.35 22.07 21.98 22.21 22.21 22.21 21.24 21.24 20.73 20.82 20.82 20.82 20.89 20.89 20.70 20.70 20.79 20.84 20.56 20.61 20.81 20.55 20.59 20.76 21.08 21.49 21.40 21.30 21.28
-99.99 -99.99 -99.99 -99.99 -99.99 -99.99 -99.99 -99.99 -99.99 -99.99 -99.99 -99.99 -99.99 -99.99 -99.99 -99.99 -99.99 -99.99 -99.99 -99.99 22.63 22.50 22.50 22.50 22.50 22.50 22.50 22.50 22.50 22.50 22.50 22.50 22.50 22.50 22.93 22.93 22.93 22.93 22.93 22.93 22.93 22.59 22.59 22.59 22.59 22.35 22.35 22.35 22.35 22.07 22.21 22.21 21.22 21.22 21.35 21.35 20.77 20.72 20.72 20.68 20.92 20.89 20.89 20.64 20.80 20.80 20.74 20.70 20.84 20.59 20.59 20.77 21.05 21.38 21.41 21.41 21.39
-99.99 -99.99 -99.99 -99.99 -99.99 -99.99 -99.99 -99.99 -99.99 -99.99 -99.99 -99.99 -99.99 -99.99 -99.99 -99.99 -99.99 -99.99 -99.99 -99.99 22.63 22.50 22.50 22.50 22.50 22.50 22.50 22.50 22.50 22.50 22.50 22.50 22.50 22.50 22.93 22.93 22.93 22.93 22.93 22.93 22.93 22.59 22.59 22.59 22.59 22.35 22.35 22.35 21.83 21.83 21.64 21.64 21.22 21.22 20.82 20.82 20.77 20.77 20.68 20.68 20.92 20.92 21.07 21.09 20.86 20.52 20.58 20.55 20.81 20.91 20.79 20.79 21.00 21.21 21.27 21.35 21.45
-99.99 -99.99 -99.99 -99.99 -99.99 -99.99 -99.99 -99.99 -99.99 -99.99 -99.99 -99.99 -99.99 -99.99 -99.99 -99.99 -99.99 -99.99 -99.99 -99.99 22.63 22.50 22.50 22.50 22.50 22.50 22.50 22.50 22.50 22.50 22.50 22.50 22.50 22.50 22.50 22.93 22.93 22.93 22.93 22.93 22.93 22.59 22.59 22.59 22.59 22.59 22.45 21.83 21.83 21.83 21.83 21.35 21.02 20.83 20.81 20.43 20.71 20.74 20.82 20.93 20.98 20.99 21.17 20.82 20.54 20.43 20.44 20.72 20.85 21.06 21.02 20.99 21.01 21.20 21.45 21.54 21.51
-99.99 -99.99 -99.99 -99.99 -99.99 -99.99 -99.99 -99.99 -99.99 -99.99 -99.99 -99.99 -99.99 -99.99 -99.99 -99.99 -99.99 -99.99 -99.99 -99.99 22.63 22.50 22.50 22.50 22.50 22.50 22.50 22.50 22.50 22.50 22.50 22.50 22.50 22.50 22.50 22.93 22.93 22.93 22.93 22.93 22.93 22.59 22.59 22.59 22.59 22.45 22.45 22.45 21.74 21.74 21.74 21.24 20.95 20.90 20.89 20.95 20.88 20.80 20.86 20.96 20.97 21.12 20.99 20.80 20.63 20.57 20.76 20.78 21.07 21.18 21.24 21.16 21.10 21.00 21.28 21.43 21.48
-99.99 -99.99 -99.99 -99.99 -99.99 -99.99 -99.99 -99.99 -99.99 -99.99 -99.99 -99.99 -99.99 -99.99 -99.99 -99.99 -99.99 -99.99 -99.99 -99.99 22.63 22.63 22.63 22.50 22.50 22.50 22.50 22.50 22.50 22.50 22.50 22.50 22.50 22.50 22.50 22.97 22.97 22.97 22.97 22.97 22.97 22.59 22.59 22.59 21.86 22.45 22.45 22.45 22.45 21.66 21.66 21.11 21.05 21.08 20.90 20.86 21.00 20.95 21.01 21.01 21.13 21.31 21.10 20.83 20.86 20.82 21.01 21.17 21.15 21.19 21.29 21.19 21.14 21.15 21.29 21.32 21.60
-99.99 -99.99 -99.99 -99.99 -99.99 -99.99 -99.99 -99.99 -99.99 -99.99 -99.99 -99.99 -99.99 -99.99 -99.99 -99.99 -99.99 -99.99 -99.99 -99.99 22.63 22.63 22.63 22.63 22.63 22.50 22.50 22.50 22.50 22.50 22.50 22.50 22.50 22.50 22.50 21.73 21.82 22.97 22.97 22.97 22.97 22.53 22.53 21.79 21.86 21.86 22.45 22.45 22.45 22.02 21.54 21.04 20.87 21.13 21.08 20.90 21.19 21.11 21.16 21.24 21.27 21.40 21.31 21.13 21.12 20.82 21.16 21.11 21.16 21.28 21.20 20.99 21.08 21.05 21.07 21.33 21.58
-99.99 -99.99 -99.99 -99.99 -99.99 -99.99 -99.99 -99.99 -99.99 -99.99 -99.99 -99.99 -99.99 -99.99 -99.99 -99.99 -99.99 -99.99 -99.99 -99.99 22.63 22.63 22.63 22.63 22.63 22.63 22.63 22.50 22.50 22.50 22.50 22.50 22.50 22.50 21.86 21.73 21.82 21.82 21.82 22.53 22.53 22.53 22.53 21.79 21.86 21.86 22.45 22.45 22.45 22.32 21.58 21.13 21.02 21.16 21.39 21.37 21.36 21.52 21.57 21.52 21.53 21.46 21.40 21.47 21.28 21.25 21.27 21.21 21.24 21.19 21.31 21.22 21.12 21.20 21.27 21.33 21.48
-99.99 -99.99 -99.99 -99.99 -99.99 -99.99 -99.99 -99.99 -99.99 -99.99 -99.99 -99.99 -99.99 -99.99 -99.99 -99.99 -99.99 -99.99 -99.99 -99.99 22.63 22.63 22.63 22.63 22.63 22.63 22.63 22.63 22.63 22.50 22.50 22.50 22.50 22.50 21.86 21.73 21.82 21.82 21.82 21.82 22.01 22.01 22.01 21.79 21.86 21.86 22.28 22.28 22.05 22.05 21.49 20.97 20.98 21.31 21.32 21.16 21.13 21.44 21.43 21.45 21.62 21.53 21.37 21.49 21.34 21.26 21.32 21.29 21.36 21.28 21.33 21.23 21.16 21.11 21.44 21.59 21.70
-99.99 -99.99 -99.99 -99.99 -99.99 -99.99 -99.99 -99.99 -99.99 -99.99 -99.99 -99.99 -99.99 -99.99 -99.99 -99.99 -99.99 -99.99 -99.99 22.49 22.63 22.63 22.63 22.63 22.63 22.63 22.63 22.63 22.63 22.63 22.04 22.04 22.04 21.86 21.86 21.73 21.73 21.82 21.82 21.82 21.51 21.37 21.34 21.22 21.44 21.44 22.28 22.28 22.28 21.52 21.29 20.99 20.87 21.11 21.07 20.93 21.07 21.34 21.24 21.27 21.39 21.38 21.34 21.27 21.44 21.40 21.51 21.51 21.39 21.33 21.26 21.22 21.14 21.22 21.60 21.61 21.73
-99.99 -99.99 -99.99 -99.99 -99.99 -99.99 -99.99 -99.99 -99.99 -99.99 -99.99 -99.99 -99.99 -99.99 -99.99 -99.99 -99.99 -99.99 -99.99 22.49 22.63 22.63 22.63 22.63 22.63 22.63 22.63 22.63 22.63 22.63 22.63 22.16 22.16 21.86 21.86 21.73 21.73 21.39 21.39 21.37 21.34 21.37 21.24 21.26 21.20 21.20 22.21 22.21 21.72 21.27 21.21 21.14 21.11 21.11 21.27 21.29 21.14 21.12 21.00 21.07 21.17 21.25 21.24 21.34 21.38 21.33 21.40 21.43 21.51 21.50 21.36 21.44 21.44 21.30 21.49 21.69 21.67
-99.99 -99.99 -99.99 -99.99 -99.99 -99.99 -99.99 -99.99 -99.99 -99.99 -99.99 -99.99 -99.99 -99.99 -99.99 -99.99 21.87 21.87 21.87 21.87 22.63 22.63 22.63 22.63 22.63 22.63 22.63 22.63 22.63 22.63 22.63 22.16 22.16 21.65 21.65 21.35 21.29 21.12 20.90 20.98 21.24 21.07 21.08 21.32 21.41 21.39 21.39 21.76 21.65 21.35 21.23 21.14 21.34 21.49 21.51 21.60 21.35 21.21 21.14 21.20 21.16 21.16 21.36 21.29 21.37 21.36 21.46 21.53 21.55 21.44 21.21 21.18 21.62 21.60 21.59 21.67 21.62
-99.99 -99.99 -99.99 -99.99 -99.99 -99.99 -99.99 -99.99 -99.99 -99.99 -99.99 -99.99 -99.99 -99.99 -99.99 -99.99 21.87 21.87 21.87 21.87 22.63 22.63 22.63 22.63 22.63 22.63 22.63 22.63 22.63 22.63 22.47 22.47 21.61 21.61 21.24 21.01 21.00 21.01 20.73 20.66 20.75 20.65 20.83 21.13 21.10 21.28 21.47 21.45 21.45 21.55 21.49 21.46 21.36 21.42 21.59 21.50 21.38 21.14 21.39 21.50 21.47 21.39 21.55 21.56 21.52 21.33 21.33 21.52 21.53 21.32 21.53 21.45 21.80 21.99 21.96 21.84 21.94
-99.99 -99.99 -99.99 -99.99 -99.99 -99.99 -99.99 -99.99 -99.99 -99.99 -99.99 -99.99 -99.99 -99.99 -99.99 -99.99 21.87 21.87 21.87 21.87 21.87 21.87 22.63 22.63 22.63 22.63 22.63 22.47 22.47 22.47 22.47 22.47 22.10 21.78 21.59 21.14 21.14 20.98 20.76 20.50 20.76 20.61 20.74 21.10 20.88 21.16 21.30 21.39 21.62 21.51 21.35 21.45 21.65 21.69 21.79 21.60 21.46 21.45 21.66 21.69 21.66 21.75 21.58 21.55 21.66 21.60 21.65 21.57 21.40 21.53 21.73 21.73 21.90 21.99 22.03 22.15 22.12
-99.99 -99.99 -99.99 -99.99 -99.99 -99.99 -99.99 -99.99 -99.99 -99.99 -99.99 -99.99 22.25 22.25 22.25 22.25 22.25 22.25 21.87 21.87 21.87 21.87 21.87 21.87 22.47 22.47 22.47 22.47 22.47 22.47 22.47 22.47 22.55 22.04 21.65 21.32 21.30 21.08 20.75 20.69 20.84 20.68 20.81 21.11 21.38 21.50 21.40 21.33 21.48 21.50 21.43 21.46 21.73 21.84 21.69 21.64 21.47 21.47 21.72 22.04 21.93 21.90 21.86 21.79 21.68 21.57 21.81 21.58 21.65 21.78 21.90 22.00 21.91 22.05 22.22 22.22 22.16
-99.99 -99.99 -99.99 -99.99 -99.99 -99.99 -99.99 -99.99 22.26 22.26 22.26 22.26 22.26 22.26 22.26 22.26 22.26 22.26 22.25 21.87 21.87 21.87 21.87 21.87 21.87 22.49 22.49 22.47 22.47 22.47 22.47 22.55 22.55 22.04 22.25 21.77 21.28 21.01 20.73 20.86 21.05 20.86 20.97 21.37 21.45 21.44 21.22 21.18 21.38 21.52 21.62 21.36 21.65 21.79 21.68 21.69 21.65 21.38 21.62 21.89 21.93 21.97 21.90 21.81 21.77 21.67 21.79 21.62 21.59 21.66 21.95 21.94 22.00 22.03 22.25 22.30 22.35
-99.99 -99.99 -99.99 -99.99 -99.99 -99.99 -99.99 -99.99 22.26 22.26 22.26 22.26 22.26 22.26 22.26 22.26 22.26 22.26 22.25 22.25 21.87 21.87 21.87 21.87 21.87 22.49 22.49 22.49 22.49 22.49 22.55 22.55 22.53 22.53 22.25 21.55 21.25 21.20 21.21 21.27 21.26 21.06 20.99 21.21 21.28 21.36 21.29 21.34 21.47 21.59 21.50 21.48 21.58 21.65 21.61 21.87 21.73 21.51 21.62 21.77 21.89 21.66 21.89 21.87 21.77 21.73 21.59 21.68 21.56 21.72 21.94 21.98 22.01 22.05 22.08 22.39 22.37
-99.99 -99.99 -99.99 -99.99 -99.99 -99.99 -99.99 -99.99 22.26 22.26 22.26 22.26 22.26 22.26 22.26 22.26 22.26 22.26 22.26 22.25 21.87 21.87 21.87 21.87 21.87 21.87 22.49 22.49 22.49 22.49 22.49 22.53 22.53 22.53 22.27 21.89 21.69 21.62 21.54 21.48 21.13 20.84 20.94 21.30 21.31 21.32 21.49 21.52 21.53 21.57 21.73 21.85 21.59 21.74 21.80 21.79 21.74 21.89 22.08 22.07 21.88 21.79 21.90 21.88 21.85 21.80 21.61 21.61 21.74 22.09 22.22 22.09 22.20 22.24 22.14 22.12 22.25
-99.99 -99.99 -99.99 -99.99 -99.99 -99.99 -99.99 -99.99 22.26 22.26 22.26 22.26 22.26 22.26 22.26 22.26 22.26 22.26 22.26 22.25 22.25 21.87 21.87 21.87 21.87 21.87 21.87 22.49 22.49 22.49 22.49 22.53 22.53 22.53 22.27 21.89 22.10 21.95 21.73 21.36 21.07 21.13 21.60 21.36 21.34 21.36 21.51 21.48 21.66 21.53 21.68 21.68 21.69 21.70 21.96 21.98 21.78 21.85 22.04 21.93 21.87 21.92 21.89 21.99 22.06 21.88 21.73 21.95 22.03 22.08 22.09 22.12 22.22 22.26 22.35 22.26 22.15
-99.99 -99.99 -99.99 -99.99 -99.99 -99.99 -99.99 21.99 22.26 22.26 22.26 22.26 22.26 22.26 22.26 22.26 22.26 22.26 22.26 22.25 22.25 22.25 21.87 21.87 21.87 21.87 21.87 22.49 22.49 22.49 22.49 21.40 21.32 21.32 22.27 22.10 22.10 21.96 21.63 21.51 21.39 21.37 21.65 21.42 21.54 21.66 21.61 21.58 21.60 21.51 21.48 21.53 21.53 21.57 21.84 21.83 21.72 21.73 21.90 21.92 21.67 21.58 21.77 22.04 21.98 22.02 21.91 21.78 22.11 22.20 22.35 22.21 22.19 22.33 22.41 22.23 22.11
-99.99 -99.99 -99.99 -99.99 -99.99 -99.99 -99.99 21.99 22.26 22.26 22.26 22.26 22.26 22.26 22.26 22.26 22.26 22.26 22.26 22.25 22.25 22.25 22.25 21.87 21.87 21.87 21.87 21.63 21.55 21.55 21.40 21.40 21.32 21.32 20.84 22.14 22.14 21.94 21.86 21.65 21.63 21.62 21.61 21.45 21.40 21.51 21.72 21.64 21.57 21.64 21.50 21.46 21.70 21.68 21.74 21.82 21.66 21.73 21.93 21.81 21.52 21.61 21.86 21.98 22.04 21.93 21.67 21.73 22.09 22.18 22.22 22.12 22.17 22.25 22.36 22.31 22.19
