solar.monthly.grid
ncols 839
nrows 679
xllcenter 112.0500
yllcenter -43.9500
cellsize 0.0500
nodata_value -99.9900
[rows 442 to 475 of 679, columns 385 to 461 of 839]
19.75 19.75 19.75 19.75 19.90 19.90 19.70 19.70 19.70 19.70 19.49 19.49 19.49 19.70 19.70 19.67 19.67 19.67 19.67 19.18 19.10 19.20 19.33 19.33 19.33 19.33 20.09 20.09 20.09 20.09 19.82 19.91 19.91 19.91 19.82 19.82 19.36 19.87 19.62 19.68 19.69 19.42 19.64 19.60 19.48 20.17 20.17 20.30 20.30 19.80 20.26 20.16 20.15 19.91 19.74 19.79 19.81 19.79 19.54 19.53 19.53 19.50 19.81 19.60 19.25 19.52 19.70 19.69 19.91 20.06 20.09 20.08 20.06 20.06 20.08 19.86 20.00
19.90 19.90 19.90 19.90 19.90 19.70 19.70 19.70 19.70 19.70 19.49 19.49 19.70 19.70 19.67 19.67 19.67 19.67 19.67 19.18 19.10 19.20 19.33 19.33 19.33 19.33 20.09 20.09 20.09 19.82 19.91 19.91 19.91 19.82 19.82 19.82 19.87 19.87 19.62 20.11 19.69 19.42 20.11 20.11 20.17 20.17 20.17 20.30 20.30 20.31 19.89 20.01 20.31 20.16 19.89 19.77 19.84 19.66 19.59 19.69 19.75 19.95 19.86 19.74 19.42 19.34 19.44 19.65 19.83 20.01 20.02 19.97 20.05 19.96 20.07 19.95 19.68
-99.99 19.67 19.67 19.70 19.70 19.70 19.70 19.70 19.70 19.49 19.49 19.70 19.70 19.67 19.67 19.67 19.67 19.67 19.67 19.18 19.10 19.20 19.33 19.33 19.33 19.33 20.09 20.09 20.09 19.91 19.91 19.91 19.91 19.82 19.82 19.87 19.87 19.87 20.11 20.11 20.11 20.11 20.11 20.11 20.17 20.17 20.17 20.30 20.31 20.31 19.89 20.51 20.01 20.14 20.11 20.03 19.74 19.64 19.56 19.70 19.91 19.90 19.88 19.89 19.60 19.37 19.48 19.55 19.72 19.72 19.94 20.07 19.99 20.10 20.03 20.02 19.95
-99.99 -99.99 19.70 19.70 19.70 19.70 19.70 19.70 19.70 19.49 19.49 19.70 19.67 19.67 19.67 19.67 19.67 19.67 19.67 19.18 19.10 19.20 19.33 19.33 19.33 19.33 19.33 20.09 20.09 19.91 19.91 19.91 19.82 19.82 19.82 19.87 19.87 20.11 20.11 20.11 20.11 20.11 20.11 20.11 20.11 20.17 20.17 20.31 20.31 20.31 20.51 20.51 20.32 19.79 20.03 20.08 19.61 19.33 19.56 19.86 19.92 19.85 19.62 19.78 19.66 19.61 19.55 19.66 19.97 19.88 19.67 19.77 19.85 20.18 20.37 20.30 20.14
-99.99 -99.99 -99.99 -99.99 19.49 19.49 19.49 19.49 19.49 19.49 19.70 19.67 19.67 19.67 19.67 19.67 19.67 19.67 19.67 19.18 19.10 19.20 19.33 19.33 19.33 19.33 19.33 20.09 19.91 19.91 19.91 19.91 19.82 19.82 19.87 19.87 19.87 20.11 20.11 20.11 20.11 20.11 20.11 20.11 20.11 20.17 20.17 20.31 20.31 20.51 20.51 20.32 20.32 19.92 19.98 19.98 19.88 19.65 19.77 19.88 20.02 19.90 19.58 19.55 19.40 19.40 19.57 19.56 20.00 19.77 19.44 19.51 19.56 19.63 19.99 20.07 20.04
-99.99 -99.99 -99.99 -99.99 -99.99 -99.99 19.52 19.52 19.70 19.70 19.67 19.67 19.67 19.67 19.67 19.67 19.67 19.67 19.67 19.18 19.10 19.20 19.33 19.33 19.33 19.33 19.33 20.09 19.91 19.91 19.91 19.82 19.82 19.82 19.87 19.87 20.11 20.11 20.11 20.11 20.11 20.11 20.11 20.11 20.11 20.17 20.31 20.31 20.31 20.02 20.02 20.02 20.02 19.92 19.89 20.01 19.93 20.03 19.99 20.00 19.76 19.65 19.54 19.50 19.41 19.43 19.59 19.53 19.71 19.68 19.65 19.51 19.50 19.59 19.65 20.00 19.91
-99.99 -99.99 -99.99 -99.99 -99.99 -99.99 -99.99 19.70 19.70 19.67 19.67 19.67 19.67 19.67 19.67 19.67 19.67 19.67 19.67 19.18 19.10 19.20 19.33 19.33 19.33 19.33 19.33 19.91 19.91 19.91 19.91 19.82 19.82 19.87 19.87 19.87 20.11 20.11 20.11 20.11 20.11 20.11 20.11 20.11 20.11 20.11 20.31 20.02 20.02 20.02 20.02 20.02 20.02 19.94 19.89 19.64 19.93 19.94 19.52 19.92 19.87 19.61 19.49 19.22 19.25 19.25 19.39 19.56 19.66 19.70 19.43 19.29 19.35 19.61 19.59 19.56 19.53
-99.99 -99.99 -99.99 -99.99 -99.99 -99.99 -99.99 -99.99 19.67 19.67 19.67 19.67 19.67 19.67 19.67 19.67 19.67 19.67 19.67 19.18 19.10 19.20 19.33 19.33 19.33 19.33 19.33 19.91 19.91 19.91 19.82 19.82 19.82 19.87 19.87 20.11 20.11 20.11 20.11 20.11 20.11 20.11 20.11 20.11 20.11 20.11 19.75 19.75 19.75 19.75 19.75 19.75 19.75 19.94 19.89 19.64 19.64 19.94 19.52 19.68 19.71 19.71 19.54 19.38 19.22 19.22 19.34 19.46 19.59 19.61 19.31 19.39 19.57 19.63 19.50 19.41 19.48
-99.99 -99.99 -99.99 -99.99 -99.99 -99.99 -99.99 -99.99 -99.99 -99.99 -99.99 -99.99 -99.99 -99.99 -99.99 -99.99 -99.99 -99.99 -99.99 -99.99 -99.99 -99.99 -99.99 19.91 19.91 19.91 19.91 19.91 19.91 19.91 19.82 19.82 19.87 19.87 19.87 20.11 20.11 20.11 20.11 20.11 20.11 20.11 20.11 20.11 20.11 19.75 19.75 19.75 19.75 19.75 19.75 19.75 19.75 19.75 19.89 19.64 19.64 19.94 19.68 19.68 19.28 19.64 19.40 19.27 19.17 19.07 19.19 19.37 19.51 19.42 19.57 19.48 19.63 19.58 19.48 19.30 19.31
-99.99 -99.99 -99.99 -99.99 -99.99 -99.99 -99.99 -99.99 -99.99 -99.99 -99.99 -99.99 -99.99 -99.99 -99.99 -99.99 -99.99 -99.99 -99.99 -99.99 -99.99 -99.99 -99.99 -99.99 -99.99 19.82 19.82 19.82 19.82 19.82 19.82 19.82 19.87 19.87 20.11 20.11 20.11 20.11 20.11 20.11 20.11 20.11 20.11 20.11 20.11 19.75 19.75 19.75 19.75 19.75 19.75 19.75 19.75 19.75 19.75 19.64 20.17 19.68 19.57 19.57 19.57 19.57 19.51 19.21 19.15 19.15 19.23 19.33 19.45 19.42 19.32 19.43 19.71 19.62 19.39 19.17 19.21
-99.99 -99.99 -99.99 -99.99 -99.99 -99.99 -99.99 -99.99 -99.99 -99.99 -99.99 -99.99 -99.99 -99.99 -99.99 -99.99 -99.99 -99.99 -99.99 -99.99 -99.99 -99.99 -99.99 -99.99 -99.99 -99.99 -99.99 19.87 19.87 19.87 19.87 19.87 19.87 19.87 20.11 20.11 20.11 20.11 20.11 20.11 20.11 20.11 20.11 20.11 19.75 19.75 19.75 19.75 19.75 19.75 19.75 19.75 19.75 19.75 20.17 20.17 20.17 19.59 19.68 19.68 19.68 19.54 19.32 19.16 19.00 19.09 19.18 19.17 19.41 19.28 19.36 19.35 19.52 19.45 19.36 19.37 19.11
-99.99 -99.99 -99.99 -99.99 -99.99 -99.99 -99.99 -99.99 -99.99 -99.99 -99.99 -99.99 -99.99 -99.99 -99.99 -99.99 -99.99 -99.99 -99.99 -99.99 -99.99 -99.99 -99.99 -99.99 -99.99 -99.99 -99.99 -99.99 -99.99 20.11 20.11 20.11 20.11 20.11 20.11 20.11 20.11 20.11 20.11 20.11 20.11 20.11 20.11 19.75 19.75 19.75 19.75 19.75 19.75 19.75 19.75 19.75 19.75 20.17 20.17 20.17 20.17 19.59 19.59 19.29 19.29 19.33 19.09 19.01 19.14 19.01 19.13 19.17 19.22 18.99 19.09 19.31 19.35 19.29 19.46 19.15 19.16
-99.99 -99.99 -99.99 -99.99 -99.99 -99.99 -99.99 -99.99 -99.99 -99.99 -99.99 -99.99 -99.99 -99.99 -99.99 -99.99 -99.99 -99.99 -99.99 -99.99 -99.99 -99.99 -99.99 -99.99 -99.99 -99.99 -99.99 -99.99 -99.99 -99.99 -99.99 -99.99 -99.99 -99.99 -99.99 -99.99 -99.99 -99.99 -99.99 -99.99 -99.99 20.51 19.75 19.75 19.75 19.75 19.75 19.75 19.75 19.75 19.75 20.17 20.17 20.17 20.17 20.17 20.17 19.59 19.59 19.41 19.41 19.10 18.95 19.04 19.14 18.81 18.80 18.86 19.11 19.06 18.99 18.90 19.41 18.86 18.71 19.03 19.26
-99.99 -99.99 -99.99 -99.99 -99.99 -99.99 -99.99 -99.99 -99.99 -99.99 -99.99 -99.99 -99.99 -99.99 -99.99 -99.99 -99.99 -99.99 -99.99 -99.99 -99.99 -99.99 -99.99 -99.99 -99.99 -99.99 -99.99 -99.99 -99.99 -99.99 -99.99 -99.99 -99.99 -99.99 -99.99 -99.99 -99.99 -99.99 -99.99 -99.99 -99.99 -99.99 19.75 19.75 19.75 19.75 19.75 19.75 19.75 19.75 20.17 20.17 20.17 20.17 20.17 20.17 20.17 19.90 19.90 19.33 19.11 19.19 18.95 19.15 19.00 18.72 18.77 18.94 18.85 18.91 18.71 18.56 18.72 18.62 18.90 18.84 18.95
-99.99 -99.99 -99.99 -99.99 -99.99 -99.99 -99.99 -99.99 -99.99 -99.99 -99.99 -99.99 -99.99 -99.99 -99.99 -99.99 -99.99 -99.99 -99.99 -99.99 -99.99 -99.99 -99.99 -99.99 -99.99 -99.99 -99.99 -99.99 -99.99 -99.99 -99.99 -99.99 -99.99 -99.99 -99.99 -99.99 -99.99 -99.99 -99.99 -99.99 -99.99 -99.99 19.75 19.75 19.75 19.75 19.75 19.75 19.75 20.04 20.04 20.04 20.04 20.04 20.04 20.04 19.63 19.63 19.52 19.28 19.10 19.27 18.76 18.68 18.67 18.77 18.85 18.94 18.71 18.57 18.44 18.45 18.47 18.56 18.93 18.68 18.67
-99.99 -99.99 -99.99 -99.99 -99.99 -99.99 -99.99 -99.99 -99.99 -99.99 -99.99 -99.99 -99.99 -99.99 -99.99 -99.99 -99.99 -99.99 -99.99 -99.99 -99.99 -99.99 -99.99 -99.99 -99.99 -99.99 -99.99 -99.99 -99.99 -99.99 -99.99 -99.99 -99.99 -99.99 -99.99 -99.99 -99.99 -99.99 -99.99 -99.99 -99.99 -99.99 19.75 19.75 19.75 19.75 19.75 20.04 20.04 20.04 20.04 20.04 20.04 20.04 20.04 20.04 20.04 19.39 19.04 19.28 19.33 18.96 18.70 18.72 18.66 18.69 18.78 18.70 18.64 18.78 18.66 18.37 18.78 18.61 18.52 19.07 19.05
-99.99 -99.99 -99.99 -99.99 -99.99 -99.99 -99.99 -99.99 -99.99 -99.99 -99.99 -99.99 -99.99 -99.99 -99.99 -99.99 -99.99 -99.99 -99.99 -99.99 -99.99 -99.99 -99.99 -99.99 -99.99 -99.99 -99.99 -99.99 -99.99 -99.99 -99.99 -99.99 -99.99 -99.99 -99.99 -99.99 -99.99 -99.99 -99.99 -99.99 -99.99 -99.99 19.75 19.75 19.75 19.75 20.04 20.04 20.04 20.04 20.04 20.04 20.04 20.04 20.04 20.04 20.04 19.39 19.04 19.26 19.43 19.15 19.03 19.14 18.87 18.69 18.82 18.68 18.59 18.64 18.87 18.39 18.67 18.50 18.62 18.62 18.73
-99.99 -99.99 -99.99 -99.99 -99.99 -99.99 -99.99 -99.99 -99.99 -99.99 -99.99 -99.99 -99.99 -99.99 -99.99 -99.99 -99.99 -99.99 -99.99 -99.99 -99.99 -99.99 -99.99 -99.99 -99.99 -99.99 -99.99 -99.99 -99.99 -99.99 -99.99 -99.99 -99.99 -99.99 -99.99 -99.99 -99.99 -99.99 -99.99 -99.99 -99.99 -99.99 19.75 19.75 19.75 19.75 20.04 20.04 20.04 20.04 20.04 20.04 20.04 20.04 20.04 20.04 20.04 19.39 19.35 19.35 19.43 19.15 19.08 19.21 19.10 18.83 18.61 18.72 19.08 19.16 18.87 18.74 18.98 18.76 18.72 18.73 18.86
-99.99 -99.99 -99.99 -99.99 -99.99 -99.99 -99.99 -99.99 -99.99 -99.99 -99.99 -99.99 -99.99 -99.99 -99.99 -99.99 -99.99 -99.99 -99.99 -99.99 -99.99 -99.99 -99.99 -99.99 -99.99 -99.99 -99.99 -99.99 -99.99 -99.99 -99.99 -99.99 -99.99 -99.99 -99.99 -99.99 -99.99 -99.99 -99.99 -99.99 -99.99 -99.99 -99.99 -99.99 -99.99 -99.99 20.04 20.04 20.04 20.04 20.04 20.04 20.04 20.04 20.04 20.04 20.04 19.89 19.89 19.89 19.25 18.97 19.24 19.13 19.39 19.42 19.21 19.33 19.29 19.55 19.22 18.71 18.75 18.72 18.60 18.73 19.01
-99.99 -99.99 -99.99 -99.99 -99.99 -99.99 -99.99 -99.99 -99.99 -99.99 -99.99 -99.99 -99.99 -99.99 -99.99 -99.99 -99.99 -99.99 -99.99 -99.99 -99.99 -99.99 -99.99 -99.99 -99.99 -99.99 -99.99 -99.99 -99.99 -99.99 -99.99 -99.99 -99.99 -99.99 -99.99 -99.99 -99.99 -99.99 -99.99 -99.99 -99.99 -99.99 -99.99 -99.99 -99.99 -99.99 20.04 20.04 20.04 20.04 20.04 20.04 20.04 20.04 20.04 20.04 19.89 19.89 19.89 19.89 19.49 19.27 19.14 19.21 19.31 19.49 19.13 18.91 19.21 19.46 18.94 18.75 18.81 18.67 18.53 18.31 18.98
-99.99 -99.99 -99.99 -99.99 -99.99 -99.99 -99.99 -99.99 -99.99 -99.99 -99.99 -99.99 -99.99 -99.99 -99.99 -99.99 -99.99 -99.99 -99.99 -99.99 -99.99 -99.99 -99.99 -99.99 -99.99 -99.99 -99.99 -99.99 -99.99 -99.99 -99.99 -99.99 -99.99 -99.99 -99.99 -99.99 -99.99 -99.99 -99.99 -99.99 -99.99 -99.99 -99.99 -99.99 -99.99 -99.99 20.04 20.04 20.04 20.04 20.04 20.04 20.04 20.04 20.04 19.89 19.89 19.89 19.64 19.64 19.64 19.20 19.25 19.21 19.51 19.33 19.13 19.34 19.02 18.87 19.16 19.12 18.93 18.75 18.58 18.32 18.53
-99.99 -99.99 -99.99 -99.99 -99.99 -99.99 -99.99 -99.99 -99.99 -99.99 -99.99 -99.99 -99.99 -99.99 -99.99 -99.99 -99.99 -99.99 -99.99 -99.99 -99.99 -99.99 -99.99 -99.99 -99.99 -99.99 -99.99 -99.99 -99.99 -99.99 -99.99 -99.99 -99.99 -99.99 -99.99 -99.99 -99.99 -99.99 -99.99 -99.99 -99.99 -99.99 -99.99 -99.99 -99.99 -99.99 20.04 20.04 20.04 20.04 20.04 20.04 20.04 20.04 19.89 19.89 19.64 19.64 19.64 19.64 19.64 19.20 19.25 19.25 19.51 19.33 19.33 19.34 19.02 19.25 19.44 19.13 18.93 18.68 18.59 18.37 18.20
-99.99 -99.99 -99.99 -99.99 -99.99 -99.99 -99.99 -99.99 -99.99 -99.99 -99.99 -99.99 -99.99 -99.99 -99.99 -99.99 -99.99 -99.99 -99.99 -99.99 -99.99 -99.99 -99.99 -99.99 -99.99 -99.99 -99.99 -99.99 -99.99 -99.99 -99.99 -99.99 -99.99 -99.99 -99.99 -99.99 -99.99 -99.99 -99.99 -99.99 -99.99 -99.99 -99.99 -99.99 -99.99 -99.99 20.04 20.04 20.04 20.04 20.04 20.04 20.04 19.89 19.64 19.64 19.64 19.64 19.64 19.64 19.64 19.20 19.25 19.25 19.51 19.33 19.33 19.34 19.32 19.32 19.35 19.17 19.01 18.93 18.85 18.68 18.45
-99.99 -99.99 -99.99 -99.99 -99.99 -99.99 -99.99 -99.99 -99.99 -99.99 -99.99 -99.99 -99.99 -99.99 -99.99 -99.99 -99.99 -99.99 -99.99 -99.99 -99.99 -99.99 -99.99 -99.99 -99.99 -99.99 -99.99 -99.99 -99.99 -99.99 -99.99 -99.99 -99.99 -99.99 -99.99 -99.99 -99.99 -99.99 -99.99 -99.99 -99.99 -99.99 -99.99 -99.99 -99.99 -99.99 20.04 20.04 20.04 20.04 20.04 20.04 19.64 19.64 19.64 19.64 19.64 19.64 19.64 19.64 19.64 19.20 19.25 19.25 19.51 19.33 19.33 19.32 19.32 19.32 19.39 19.24 19.56 19.59 19.28 18.86 18.48
-99.99 -99.99 -99.99 -99.99 -99.99 -99.99 -99.99 -99.99 -99.99 -99.99 -99.99 -99.99 -99.99 -99.99 -99.99 -99.99 -99.99 -99.99 -99.99 -99.99 -99.99 -99.99 -99.99 -99.99 -99.99 -99.99 -99.99 -99.99 -99.99 -99.99 -99.99 -99.99 -99.99 -99.99 -99.99 -99.99 -99.99 -99.99 -99.99 -99.99 -99.99 -99.99 -99.99 -99.99 -99.99 -99.99 20.04 20.04 20.04 20.04 19.64 19.64 19.64 19.64 19.64 19.64 19.64 19.64 19.64 19.64 19.64 19.20 19.25 19.25 19.51 19.33 19.32 19.32 19.32 19.39 19.39 19.23 19.62 19.65 19.33 18.87 18.60
-99.99 -99.99 -99.99 -99.99 -99.99 -99.99 -99.99 -99.99 -99.99 -99.99 -99.99 -99.99 -99.99 -99.99 -99.99 -99.99 -99.99 -99.99 -99.99 -99.99 -99.99 -99.99 -99.99 -99.99 -99.99 -99.99 -99.99 -99.99 -99.99 -99.99 -99.99 -99.99 -99.99 -99.99 -99.99 -99.99 -99.99 -99.99 -99.99 -99.99 -99.99 -99.99 -99.99 -99.99 -99.99 -99.99 20.04 20.04 20.04 20.04 19.64 19.64 19.64 19.64 19.64 19.64 19.64 19.64 19.64 19.64 19.64 19.20 19.25 19.25 19.51 19.33 19.32 19.32 19.39 19.73 19.73 19.73 19.53 19.61 19.32 18.94 18.66
-99.99 -99.99 -99.99 -99.99 -99.99 -99.99 -99.99 -99.99 -99.99 -99.99 -99.99 -99.99 -99.99 -99.99 -99.99 -99.99 -99.99 -99.99 -99.99 -99.99 -99.99 -99.99 -99.99 -99.99 -99.99 -99.99 -99.99 -99.99 -99.99 -99.99 -99.99 -99.99 -99.99 -99.99 -99.99 -99.99 -99.99 -99.99 -99.99 -99.99 -99.99 -99.99 -99.99 -99.99 -99.99 -99.99 -99.99 -99.99 -99.99 19.89 19.64 19.64 19.64 19.64 19.64 19.64 19.64 19.64 19.64 19.64 19.64 19.20 19.25 19.25 19.51 19.32 19.32 19.73 19.73 19.73 19.73 19.73 19.37 19.35 19.12 18.71 18.66
-99.99 -99.99 -99.99 -99.99 -99.99 -99.99 -99.99 -99.99 -99.99 -99.99 -99.99 -99.99 -99.99 -99.99 -99.99 -99.99 -99.99 -99.99 -99.99 -99.99 -99.99 -99.99 -99.99 -99.99 -99.99 -99.99 -99.99 -99.99 -99.99 -99.99 -99.99 -99.99 -99.99 -99.99 -99.99 -99.99 -99.99 -99.99 -99.99 -99.99 -99.99 -99.99 -99.99 -99.99 -99.99 -99.99 -99.99 -99.99 -99.99 19.89 19.64 19.64 19.64 19.64 19.64 19.64 19.64 19.64 19.64 19.64 19.64 19.20 19.25 19.25 19.51 19.73 19.73 19.73 19.73 19.73 19.07 19.07 19.07 19.26 18.75 18.61 18.66
-99.99 -99.99 -99.99 -99.99 -99.99 -99.99 -99.99 -99.99 -99.99 -99.99 -99.99 -99.99 -99.99 -99.99 -99.99 -99.99 -99.99 -99.99 -99.99 -99.99 -99.99 -99.99 -99.99 -99.99 -99.99 -99.99 -99.99 -99.99 -99.99 -99.99 -99.99 -99.99 -99.99 -99.99 -99.99 -99.99 -99.99 -99.99 -99.99 -99.99 -99.99 -99.99 -99.99 -99.99 -99.99 -99.99 -99.99 -99.99 -99.99 19.89 19.64 19.64 19.64 19.64 19.64 19.64 19.64 19.64 19.64 19.64 19.64 19.20 19.25 19.25 19.73 19.73 19.73 19.73 19.28 19.28 19.28 19.28 19.28 19.35 18.87 18.77 18.77
-99.99 -99.99 -99.99 -99.99 -99.99 -99.99 -99.99 -99.99 -99.99 -99.99 -99.99 -99.99 -99.99 -99.99 -99.99 -99.99 -99.99 -99.99 -99.99 -99.99 -99.99 -99.99 -99.99 -99.99 -99.99 -99.99 -99.99 -99.99 -99.99 -99.99 -99.99 -99.99 -99.99 -99.99 -99.99 -99.99 -99.99 -99.99 -99.99 -99.99 -99.99 -99.99 -99.99 -99.99 -99.99 -99.99 -99.99 -99.99 -99.99 -99.99 19.64 19.64 19.64 19.64 19.64 19.64 19.64 19.64 19.64 19.64 19.64 19.20 19.25 19.73 18.86 18.86 18.86 18.86 18.86 18.86 18.86 18.86 18.86 19.40 19.00 18.61 18.40
-99.99 -99.99 -99.99 -99.99 -99.99 -99.99 -99.99 -99.99 -99.99 -99.99 -99.99 -99.99 -99.99 -99.99 -99.99 -99.99 -99.99 -99.99 -99.99 -99.99 -99.99 -99.99 -99.99 -99.99 -99.99 -99.99 -99.99 -99.99 -99.99 -99.99 -99.99 -99.99 -99.99 -99.99 -99.99 -99.99 -99.99 -99.99 -99.99 -99.99 -99.99 -99.99 -99.99 -99.99 -99.99 -99.99 -99.99 -99.99 -99.99 -99.99 19.64 19.64 19.64 19.64 19.64 19.64 19.64 19.64 19.64 19.64 19.64 19.20 19.25 19.53 19.53 19.53 19.53 19.53 19.53 19.53 19.53 19.53 19.53 18.94 18.95 18.61 18.45
-99.99 -99.99 -99.99 -99.99 -99.99 -99.99 -99.99 -99.99 -99.99 -99.99 -99.99 -99.99 -99.99 -99.99 -99.99 -99.99 -99.99 -99.99 -99.99 -99.99 -99.99 -99.99 -99.99 -99.99 -99.99 -99.99 -99.99 -99.99 -99.99 -99.99 -99.99 -99.99 -99.99 -99.99 -99.99 -99.99 -99.99 -99.99 -99.99 -99.99 -99.99 -99.99 -99.99 -99.99 -99.99 -99.99 -99.99 -99.99 -99.99 -99.99 -99.99 -99.99 -99.99 -99.99 -99.99 -99.99 -99.99 -99.99 -99.99 19.32 19.32 19.73 19.53 19.53 19.53 19.53 19.53 19.53 19.53 19.53 19.53 19.53 19.53 19.36 19.04 18.37 18.84
-99.99 -99.99 -99.99 -99.99 -99.99 -99.99 -99.99 -99.99 -99.99 -99.99 -99.99 -99.99 -99.99 -99.99 -99.99 -99.99 -99.99 -99.99 -99.99 -99.99 -99.99 -99.99 -99.99 -99.99 -99.99 -99.99 -99.99 -99.99 -99.99 -99.99 -99.99 -99.99 -99.99 -99.99 -99.99 -99.99 -99.99 -99.99 -99.99 -99.99 -99.99 -99.99 -99.99 -99.99 -99.99 -99.99 -99.99 -99.99 -99.99 -99.99 -99.99 -99.99 -99.99 -99.99 -99.99 -99.99 -99.99 -99.99 -99.99 19.32 19.32 19.73 19.53 19.53 19.53 19.53 19.53 19.53 19.53 19.53 19.53 19.53 19.36 19.36 19.04 18.93 18.53
-99.99 -99.99 -99.99 -99.99 -99.99 -99.99 -99.99 -99.99 -99.99 -99.99 -99.99 -99.99 -99.99 -99.99 -99.99 -99.99 -99.99 -99.99 -99.99 -99.99 -99.99 -99.99 -99.99 -99.99 -99.99 -99.99 -99.99 -99.99 -99.99 -99.99 -99.99 -99.99 -99.99 -99.99 -99.99 -99.99 -99.99 -99.99 -99.99 -99.99 -99.99 -99.99 -99.99 -99.99 -99.99 -99.99 -99.99 -99.99 -99.99 -99.99 -99.99 -99.99 -99.99 -99.99 -99.99 -99.99 -99.99 -99.99 -99.99 -99.99 19.39 19.73 19.53 19.53 19.53 19.53 19.53 19.53 19.53 19.53 19.53 19.36 19.36 19.36 18.93 18.93 18.92
