solar.monthly.grid
ncols 839
nrows 679
xllcenter 112.0500
yllcenter -43.9500
cellsize 0.0500
nodata_value -99.9900
[rows 340 to 373 of 679, columns 693 to 769 of 839]
19.54 19.69 19.66 19.72 19.83 19.91 19.95 19.99 19.93 19.92 19.99 19.81 19.85 19.78 20.06 19.79 19.79 19.82 19.84 19.82 19.86 19.81 19.69 19.72 20.14 20.14 19.90 19.87 19.75 19.87 19.96 19.86 19.72 19.50 19.47 19.52 19.65 19.56 19.55 19.44 19.40 19.33 19.38 19.32 19.42 19.60 19.75 19.80 19.67 19.79 19.76 19.55 19.76 19.67 19.60 19.53 19.44 19.42 19.20 19.15 19.17 19.21 19.12 19.18 18.94 18.94 19.03 18.63 18.59 18.64 18.54 18.57 18.74 18.73 18.31 18.30 18.32
19.58 19.49 19.47 19.70 19.82 19.99 20.08 19.97 19.97 20.04 20.09 19.88 19.76 19.82 19.85 19.92 19.76 19.75 19.82 19.85 19.87 19.85 19.73 19.83 19.91 20.00 19.91 19.93 19.69 19.84 19.95 19.85 19.63 19.68 19.62 19.52 19.57 19.59 19.44 19.33 19.29 19.43 19.44 19.38 19.48 19.48 19.64 19.74 19.45 19.45 19.44 19.25 19.40 19.48 19.34 19.35 19.35 19.21 19.21 19.15 19.19 19.40 19.20 18.96 18.74 18.77 18.95 18.81 18.58 18.67 18.80 18.56 18.70 18.75 18.64 18.69 18.56
19.59 19.63 19.66 19.70 19.84 19.82 20.02 20.03 20.10 19.91 19.75 19.66 19.82 19.91 19.95 19.89 19.75 19.66 19.87 19.77 19.84 19.70 19.67 19.77 19.82 19.81 19.68 19.67 19.59 19.81 19.81 19.85 19.56 19.60 19.60 19.43 19.52 19.62 19.57 19.30 19.35 19.40 19.41 19.67 19.62 19.60 19.68 19.63 19.26 19.26 19.29 19.36 19.53 19.39 19.40 19.40 19.43 19.27 19.22 19.29 19.09 19.09 19.10 18.98 19.01 18.59 18.86 18.97 18.87 18.78 18.82 18.74 18.80 18.98 18.89 18.84 18.81
19.62 19.60 19.76 19.81 19.88 19.88 19.88 19.87 19.73 19.71 19.56 19.57 19.72 19.75 19.84 19.87 19.72 19.65 19.77 19.67 19.77 19.83 19.61 19.61 19.70 19.55 19.51 19.66 19.51 19.67 19.42 19.57 19.53 19.71 19.67 19.74 19.84 19.82 19.69 19.30 19.10 19.22 19.40 19.71 19.66 19.77 19.69 19.72 19.47 19.41 19.27 19.29 19.45 19.25 19.47 19.41 19.14 19.23 19.31 19.36 19.21 19.21 19.08 19.08 19.08 18.84 19.12 19.10 19.17 19.14 18.95 18.87 18.71 18.93 18.90 19.01 19.00
19.79 19.70 19.67 19.68 19.87 19.92 19.91 19.73 19.59 19.64 19.60 19.45 19.53 19.63 19.59 19.70 19.80 19.67 19.76 19.83 19.85 19.58 19.58 19.45 19.50 19.49 19.38 19.41 19.47 19.47 19.34 19.47 19.58 19.58 19.51 19.53 19.64 19.83 19.50 19.39 19.24 19.23 19.39 19.44 19.59 19.45 19.80 19.68 19.75 19.74 19.48 19.33 19.49 19.09 19.10 19.27 19.43 19.33 19.44 19.39 19.34 19.41 19.23 19.24 19.25 19.30 19.09 18.96 19.13 19.09 19.03 18.90 18.97 18.99 19.17 18.93 18.92
19.80 19.75 19.66 19.62 19.83 19.65 19.78 19.74 19.68 19.62 19.49 19.46 19.60 19.62 19.51 19.50 19.57 19.52 19.55 19.60 19.48 19.52 19.44 19.57 19.60 19.47 19.31 19.41 19.42 19.40 19.42 19.45 19.43 19.49 19.53 19.51 19.57 19.69 19.58 19.35 19.31 19.30 19.42 19.56 19.47 19.44 19.72 19.61 19.39 19.40 19.39 19.31 19.34 19.33 19.29 19.36 19.57 19.34 19.51 19.55 19.50 19.62 19.58 19.50 19.44 19.38 19.21 19.15 19.46 19.04 18.91 18.96 19.13 18.94 18.98 18.97 19.02
19.61 19.62 19.70 19.63 19.74 19.74 19.64 19.57 19.63 19.57 19.48 19.49 19.64 19.32 19.26 19.42 19.48 19.50 19.71 19.59 19.59 19.64 19.46 19.47 19.41 19.48 19.48 19.49 19.48 19.37 19.54 19.41 19.39 19.50 19.53 19.38 19.36 19.59 19.53 19.39 19.49 19.50 19.44 19.61 19.61 19.50 19.44 19.57 19.57 19.62 19.37 19.45 19.51 19.40 19.18 19.41 19.50 19.44 19.49 19.66 19.53 19.51 19.39 19.51 19.36 19.33 19.26 19.41 19.06 19.01 18.96 18.98 19.01 18.91 18.88 18.78 19.03
19.79 19.65 19.65 19.64 19.63 19.63 19.68 19.66 19.69 19.68 19.62 19.50 19.48 19.26 19.37 19.47 19.53 19.69 19.38 19.48 19.55 19.74 19.63 19.45 19.37 19.38 19.45 19.57 19.62 19.77 19.57 19.55 19.43 19.47 19.67 19.58 19.59 19.58 19.33 19.43 19.57 19.57 19.57 19.51 19.80 19.53 19.71 19.69 19.49 19.64 19.57 19.49 19.46 19.37 19.06 19.23 19.48 19.52 19.48 19.42 19.46 19.26 19.12 19.42 19.38 19.38 19.26 19.29 19.08 19.11 18.94 19.01 18.91 18.86 18.86 18.75 18.85
19.87 19.78 19.64 19.61 19.58 19.55 19.68 19.66 19.60 19.63 19.68 19.59 19.57 19.63 19.59 19.56 19.54 19.65 19.43 19.45 19.56 19.68 19.49 19.52 19.50 19.33 19.46 19.47 19.47 19.58 19.53 19.54 19.56 19.37 19.55 19.56 19.41 19.46 19.53 19.36 19.44 19.60 19.52 19.56 19.53 19.57 19.68 19.54 19.62 19.65 19.65 19.48 19.34 19.20 19.33 19.44 19.54 19.34 19.54 19.29 19.35 19.27 19.23 19.15 19.04 19.45 19.40 19.23 19.13 18.85 18.92 18.97 18.80 18.77 18.75 18.74 18.56
19.84 19.76 19.63 19.60 19.67 19.63 19.54 19.52 19.57 19.54 19.48 19.55 19.66 19.71 19.44 19.54 19.54 19.80 19.73 19.49 19.53 19.61 19.56 19.47 19.60 19.58 19.55 19.50 19.49 19.49 19.54 19.61 19.57 19.61 19.58 19.57 19.45 19.42 19.50 19.71 19.62 19.52 19.56 19.43 19.24 19.42 19.60 19.51 19.35 19.44 19.67 19.41 19.24 19.33 19.23 19.35 19.29 19.37 19.46 19.46 19.01 18.85 19.35 19.09 18.94 19.26 19.20 19.05 18.90 18.76 18.85 18.90 18.88 19.03 18.98 18.84 18.66
19.79 19.73 19.77 19.80 19.73 19.62 19.53 19.54 19.43 19.45 19.52 19.54 19.67 19.76 19.50 19.55 19.71 19.59 19.71 19.57 19.45 19.63 19.61 19.46 19.61 19.51 19.49 19.73 19.57 19.52 19.59 19.76 19.67 19.78 19.71 19.71 19.63 19.43 19.44 19.54 19.67 19.43 19.49 19.29 19.59 19.45 19.36 19.47 19.51 19.40 19.46 19.08 19.02 19.16 19.13 19.26 19.15 19.10 19.18 19.19 19.01 19.03 19.24 19.00 19.17 19.06 18.90 19.00 18.94 18.77 18.97 18.84 18.86 18.77 18.73 18.87 18.84
19.79 19.88 19.78 19.66 19.64 19.56 19.47 19.48 19.39 19.40 19.54 19.48 19.59 19.52 19.44 19.40 19.58 19.59 19.57 19.42 19.59 19.59 19.66 19.62 19.50 19.39 19.60 19.60 19.70 19.64 19.66 19.51 19.51 19.66 19.77 19.63 19.55 19.51 19.68 19.60 19.86 19.41 19.48 19.48 19.76 19.71 19.60 19.60 19.52 19.46 19.27 19.17 19.28 19.25 19.23 19.48 19.27 19.32 19.17 18.89 18.92 19.10 19.18 19.25 19.09 19.14 19.11 19.06 18.94 18.80 18.94 18.84 18.97 19.18 19.05 19.09 19.01
19.69 19.67 19.71 19.61 19.62 19.41 19.45 19.49 19.46 19.47 19.43 19.50 19.51 19.40 19.33 19.35 19.34 19.46 19.44 19.47 19.56 19.66 19.62 19.50 19.51 19.57 19.55 19.42 19.50 19.66 19.56 19.39 19.38 19.47 19.60 19.69 19.62 19.38 19.45 19.54 19.72 19.70 19.69 19.63 19.63 19.86 19.58 19.34 19.24 19.44 19.31 19.26 19.35 19.14 19.14 19.22 19.11 19.18 19.09 18.94 18.87 19.21 19.29 19.32 19.07 19.08 19.17 19.08 18.99 19.12 19.04 19.13 19.12 19.33 19.42 19.36 19.08
19.79 19.85 19.75 19.55 19.61 19.58 19.58 19.57 19.53 19.36 19.46 19.52 19.54 19.50 19.51 19.54 19.42 19.50 19.48 19.42 19.25 19.42 19.57 19.67 19.68 19.74 19.72 19.59 19.40 19.56 19.53 19.49 19.62 19.59 19.64 19.66 19.56 19.55 19.52 19.63 19.75 19.80 19.62 19.57 19.79 19.55 19.48 19.32 19.37 19.49 19.31 19.41 19.45 19.38 19.25 19.26 19.16 19.14 19.23 19.21 19.12 19.33 19.05 19.19 19.13 19.04 19.38 19.28 19.21 19.14 19.04 19.32 19.24 19.09 19.24 18.89 18.84
19.87 19.79 19.69 19.51 19.63 19.63 19.64 19.56 19.47 19.47 19.48 19.63 19.63 19.51 19.60 19.59 19.60 19.63 19.34 19.22 19.08 19.29 19.38 19.55 19.65 19.59 19.56 19.56 19.44 19.60 19.57 19.54 19.59 19.41 19.47 19.67 19.65 19.57 19.53 19.70 19.73 19.58 19.69 19.62 19.82 19.61 19.61 19.58 19.40 19.56 19.43 19.24 19.44 19.42 19.15 19.22 19.31 19.09 19.12 19.05 19.02 19.08 19.01 19.22 19.36 19.22 19.33 19.26 19.17 19.26 18.98 19.31 19.35 19.18 18.94 19.04 19.05
20.15 19.95 19.76 19.83 19.80 19.83 19.73 19.62 19.61 19.46 19.58 19.53 19.55 19.58 19.62 19.62 19.64 19.55 19.43 19.33 19.21 19.32 19.38 19.62 19.61 19.67 19.55 19.58 19.51 19.39 19.49 19.56 19.59 19.61 19.42 19.53 19.59 19.70 19.74 19.72 19.65 19.68 19.69 19.88 19.60 19.67 19.70 19.49 19.65 19.54 19.51 19.33 19.36 19.32 19.28 19.30 19.37 19.16 19.04 19.33 19.24 19.11 18.98 19.35 19.33 19.21 19.26 19.00 18.96 19.21 18.81 18.99 18.95 19.00 19.01 18.90 18.74
20.11 20.06 19.89 19.93 19.86 19.77 19.67 19.68 19.68 19.51 19.63 19.59 19.60 19.54 19.56 19.56 19.64 19.64 19.49 19.56 19.45 19.38 19.57 19.83 19.89 19.82 19.73 19.47 19.52 19.46 19.48 19.51 19.31 19.55 19.59 19.62 19.55 19.72 19.93 19.81 19.83 19.77 19.92 19.87 19.60 19.57 19.60 19.58 19.46 19.53 19.51 19.58 19.34 19.45 19.37 19.30 19.41 19.28 19.04 19.31 19.61 19.44 19.32 19.42 19.42 19.09 18.94 19.09 19.16 19.20 19.03 18.84 18.88 18.97 19.00 19.02 18.60
19.91 19.93 19.84 19.81 19.76 19.75 19.63 19.61 19.67 19.65 19.61 19.56 19.52 19.58 19.49 19.63 19.64 19.77 19.53 19.59 19.59 19.69 19.79 19.87 19.86 19.78 19.66 19.38 19.51 19.45 19.49 19.45 19.31 19.41 19.72 19.69 19.77 19.71 19.58 19.72 19.75 19.78 19.73 19.71 19.74 19.77 19.73 19.73 19.79 19.65 19.81 19.72 19.49 19.42 19.55 19.49 19.62 19.38 19.11 19.13 19.33 19.22 19.29 19.03 18.88 18.89 18.98 19.27 19.03 19.18 19.19 18.94 18.55 18.52 18.80 18.65 18.66
19.76 19.85 19.77 19.85 19.92 19.76 19.65 19.56 19.61 19.71 19.65 19.71 19.55 19.72 19.88 19.98 19.76 19.65 19.59 19.76 19.70 19.96 19.90 19.91 19.73 19.75 19.61 19.41 19.29 19.30 19.41 19.39 19.34 19.31 19.49 19.66 19.76 19.89 19.96 19.75 19.76 19.70 19.75 19.81 19.71 19.65 19.79 19.72 19.95 19.88 19.88 19.69 19.53 19.59 19.75 19.49 19.42 19.14 19.37 19.24 19.51 19.49 19.61 19.01 19.13 19.16 19.20 19.36 19.06 19.10 19.09 18.95 18.84 18.71 18.65 18.60 18.69
19.94 19.83 19.87 20.02 20.01 19.81 19.60 19.57 19.63 19.68 19.67 19.84 19.79 19.84 19.85 19.80 19.86 19.75 19.74 19.82 19.94 19.99 19.87 19.88 19.89 19.74 19.64 19.55 19.40 19.52 19.64 19.57 19.63 19.54 19.39 19.51 19.71 19.96 19.74 19.90 19.71 19.93 20.01 19.87 19.78 19.83 19.92 19.78 19.74 19.62 19.77 19.71 19.54 19.45 19.38 19.42 19.39 19.31 19.36 19.37 19.46 19.54 19.40 19.05 19.00 19.02 19.25 19.27 19.04 19.05 19.18 19.10 19.01 18.77 18.71 18.65 18.89
20.01 19.84 19.89 20.01 19.93 19.80 19.70 19.83 19.66 19.68 19.90 19.85 19.95 19.99 19.93 19.75 19.82 19.65 19.80 19.91 19.77 19.97 19.81 19.85 19.78 19.98 19.97 19.66 19.70 19.75 19.69 19.54 19.59 19.50 19.54 19.66 19.80 19.95 19.82 19.75 19.78 19.92 20.25 19.97 19.85 19.84 19.79 19.63 19.42 19.24 19.44 19.71 19.53 19.54 19.33 19.32 19.39 19.33 19.36 19.34 19.26 19.26 19.22 19.03 19.11 19.16 19.04 18.94 19.07 19.31 19.23 19.06 19.07 19.13 19.00 18.94 18.98
20.03 20.03 19.96 19.98 20.03 20.05 19.78 19.90 19.76 19.88 19.91 19.90 19.85 19.80 19.87 19.73 19.73 19.58 19.65 19.83 19.64 19.59 19.58 19.68 19.76 19.97 19.77 19.94 19.66 19.61 19.50 19.61 19.66 19.66 19.82 19.99 19.82 19.77 19.76 19.85 19.84 19.86 19.85 19.82 20.06 20.00 19.78 19.97 19.67 19.58 19.61 19.65 19.54 19.63 19.54 19.30 19.27 19.38 19.27 19.17 19.11 19.11 19.21 19.12 19.10 19.20 18.96 18.90 18.93 18.90 19.10 19.11 19.04 18.90 19.21 19.17 19.07
20.18 19.98 19.90 19.98 20.01 20.03 19.80 19.78 19.75 19.83 19.82 19.83 19.83 19.91 19.81 19.75 19.74 19.68 19.60 19.70 19.68 19.62 19.48 19.59 19.68 19.77 19.81 19.94 19.69 19.58 19.74 19.72 19.67 19.74 19.84 20.07 19.85 19.78 19.56 19.86 20.05 19.71 19.81 19.81 20.08 19.94 19.83 19.92 19.81 19.73 19.68 19.75 19.66 19.61 19.76 19.47 19.39 19.36 19.19 19.24 19.25 19.14 19.17 19.21 19.23 19.23 19.13 19.02 18.90 18.93 18.95 18.91 18.92 18.73 18.98 18.96 18.81
20.19 19.96 19.94 19.96 20.00 19.98 19.95 19.69 19.75 19.76 19.69 19.79 19.87 19.83 19.86 19.96 19.91 19.81 19.81 19.73 19.91 19.90 19.59 19.77 19.92 19.87 19.93 19.92 19.87 19.71 19.63 19.60 19.59 19.75 19.88 19.75 19.69 19.70 19.77 19.80 20.05 19.82 19.90 20.01 19.98 19.81 19.86 19.97 20.07 19.93 19.74 19.78 19.63 19.78 19.72 19.46 19.42 19.40 19.44 19.46 19.23 19.37 19.39 19.22 19.30 19.37 19.24 19.18 18.94 18.97 18.89 18.87 19.04 18.93 19.04 18.94 18.56
19.99 20.07 20.14 20.12 20.04 19.92 20.00 19.79 19.80 19.86 19.70 19.78 19.85 20.04 19.94 20.06 19.98 19.84 19.76 19.76 20.04 20.07 19.87 19.90 19.94 20.13 20.16 20.10 20.08 19.88 19.87 19.82 19.80 19.67 19.77 19.58 19.50 19.74 19.85 19.73 19.89 20.11 19.99 19.85 19.89 19.87 19.73 19.72 19.91 19.83 19.69 19.69 19.70 19.71 19.61 19.60 19.57 19.54 19.47 19.50 19.73 19.60 19.58 19.69 19.46 19.64 19.43 19.00 18.86 18.88 19.03 19.12 19.24 19.01 19.11 19.00 18.97
20.07 20.04 20.04 19.89 19.93 19.90 19.88 19.71 19.83 19.88 19.87 19.98 19.92 20.17 20.06 20.18 20.10 19.85 19.76 19.76 20.04 19.95 19.98 19.84 19.88 19.93 20.09 20.00 20.20 20.01 19.91 19.90 19.88 19.87 19.83 19.52 19.59 19.80 19.89 19.77 19.91 19.99 20.04 19.83 20.04 19.89 19.91 19.65 19.88 19.74 19.67 19.73 19.83 19.62 19.75 19.69 19.70 19.84 19.58 19.87 20.05 19.83 19.74 19.78 19.76 19.74 19.44 19.08 18.97 18.95 18.83 19.14 19.22 19.40 19.42 18.99 18.85
20.09 20.11 20.02 19.84 19.88 19.93 19.89 19.92 20.01 19.95 19.85 20.01 20.00 20.11 19.98 20.03 19.92 19.89 19.82 19.64 19.82 19.75 19.90 20.01 19.98 19.83 19.94 19.92 19.89 19.74 19.90 20.10 19.95 19.89 19.96 19.74 19.86 19.76 19.72 19.72 19.91 19.99 20.03 19.85 19.86 19.85 19.80 19.77 19.81 19.85 20.08 19.75 19.74 19.70 19.68 19.89 19.87 19.74 20.18 20.05 20.00 19.90 19.82 19.87 19.99 19.93 19.66 19.20 19.12 19.05 19.16 19.33 19.08 19.16 19.28 19.39 19.32
20.04 20.02 20.14 19.90 19.99 19.83 19.97 19.97 19.99 19.90 20.00 20.08 20.11 20.08 20.04 19.70 19.74 20.06 19.86 19.58 19.63 19.81 19.98 20.05 20.11 20.00 19.95 19.93 19.76 19.56 19.90 20.11 19.89 20.05 19.87 19.88 20.00 19.98 19.92 19.80 20.02 20.08 20.10 20.01 19.93 19.86 19.85 19.89 19.79 20.09 20.10 19.70 19.67 19.81 19.89 20.07 19.98 19.90 20.01 19.89 20.01 20.06 19.98 19.91 20.02 20.12 19.68 19.20 19.15 19.01 19.20 19.28 19.23 19.33 19.26 19.36 19.37
20.16 20.14 20.10 20.01 19.98 20.00 20.07 20.12 19.93 19.96 20.13 20.04 19.98 19.89 19.88 19.76 19.66 19.81 19.70 19.58 19.64 19.77 19.86 19.95 19.88 19.94 20.07 20.22 19.73 19.79 20.17 20.33 20.02 19.97 19.71 19.93 20.08 20.06 19.91 19.96 20.00 20.15 20.03 19.99 19.91 19.96 20.02 19.94 20.00 19.95 20.05 19.95 19.83 19.96 20.09 20.19 20.10 19.82 20.03 19.91 19.98 19.72 19.84 20.06 19.96 19.83 19.65 19.58 19.26 19.19 19.16 19.28 19.36 19.23 19.08 19.42 19.21
20.18 20.01 20.12 20.16 20.07 19.89 20.08 20.31 20.30 20.07 20.04 20.25 20.16 20.04 19.82 19.96 19.86 19.72 19.69 19.70 19.85 19.85 20.07 20.04 20.10 20.06 20.00 20.22 20.05 19.79 19.77 19.97 20.11 19.84 19.73 19.93 20.01 20.10 19.93 19.98 19.81 20.09 20.07 19.87 19.82 20.06 19.93 19.92 20.02 19.99 19.98 19.87 19.95 20.04 20.20 20.26 20.09 20.00 19.95 20.04 19.99 19.75 19.95 19.93 19.89 19.59 19.65 19.63 19.38 19.35 19.23 19.45 19.27 19.31 19.41 19.29 19.20
19.99 20.10 20.12 20.07 20.01 20.04 20.15 20.22 20.36 20.24 20.27 20.23 20.16 20.26 20.22 19.96 19.90 19.70 19.69 19.76 19.79 19.88 20.13 20.19 20.15 20.20 20.04 20.21 19.95 19.84 19.83 19.83 19.77 19.75 19.89 20.07 19.91 20.08 19.98 20.00 19.98 20.22 20.30 20.05 19.93 19.86 19.94 19.92 19.88 19.92 19.86 20.02 20.19 20.24 20.09 20.15 20.20 20.10 19.98 19.98 20.06 20.16 20.24 20.05 19.88 19.73 19.91 19.90 19.73 19.45 19.35 19.51 19.61 19.40 19.36 19.49 19.46
20.21 20.30 20.21 20.24 20.11 20.10 20.14 20.36 20.59 20.25 20.15 20.27 20.24 20.14 19.97 20.01 19.89 19.76 19.70 19.82 19.81 19.94 20.05 20.16 20.29 20.23 20.10 19.74 19.73 19.71 19.75 20.00 19.92 19.83 19.81 19.79 19.82 19.87 20.01 19.95 19.99 20.30 20.40 20.17 19.96 19.94 19.87 20.01 20.07 20.14 20.13 20.15 20.20 20.07 19.66 20.09 20.15 19.99 19.90 20.05 20.19 20.11 20.10 19.95 19.96 19.98 19.97 19.98 19.88 19.66 19.38 19.51 19.53 19.50 19.41 19.37 19.32
20.35 20.39 20.18 20.24 20.23 20.17 20.31 20.42 20.57 20.35 20.10 20.21 20.14 20.21 20.09 20.03 19.99 19.93 20.03 20.00 19.86 19.95 19.90 19.90 19.71 19.92 20.08 19.87 19.69 19.65 19.85 20.28 19.89 19.89 19.85 19.82 19.97 19.71 20.03 19.95 19.93 20.11 20.32 20.20 20.15 20.20 20.03 20.09 20.09 20.23 20.34 20.24 20.00 19.86 20.04 19.91 19.87 19.74 19.97 20.08 19.99 20.04 20.00 19.92 19.66 19.71 19.58 19.38 19.74 19.77 19.57 19.32 19.28 19.36 19.34 19.20 18.98
20.32 20.29 20.31 20.20 20.21 20.25 20.27 20.37 20.35 20.28 20.04 20.25 20.19 20.28 20.25 20.19 20.18 20.11 20.20 20.11 20.04 19.87 19.52 19.35 19.93 19.95 20.00 19.90 20.00 19.93 19.89 19.95 20.08 20.01 19.88 19.93 20.17 20.05 20.03 20.39 20.25 20.23 20.35 20.21 20.26 20.20 20.15 20.23 20.26 20.29 20.25 20.23 20.16 20.15 20.27 20.21 20.02 20.02 20.16 19.77 19.77 19.78 19.98 19.93 19.85 19.97 19.70 19.66 19.78 19.70 19.56 19.24 19.25 19.47 19.46 19.34 19.27
