solar.monthly.grid
ncols 839
nrows 679
xllcenter 112.0500
yllcenter -43.9500
cellsize 0.0500
nodata_value -99.9900
[rows 476 to 509 of 679, columns 539 to 615 of 839]
18.54 18.49 18.49 18.40 18.48 18.37 18.31 18.34 18.26 18.35 18.47 18.60 18.59 18.48 18.69 18.76 18.69 18.67 18.80 18.84 18.79 18.98 18.97 19.05 19.09 19.13 19.23 19.14 19.19 19.37 19.35 19.34 19.25 19.29 19.38 19.32 19.35 19.38 19.52 19.50 19.47 19.52 19.65 19.59 19.44 19.43 19.33 19.40 19.30 19.14 19.23 19.06 19.06 19.21 19.33 19.36 19.16 19.09 19.15 19.16 19.15 19.28 19.10 19.06 19.04 18.98 18.89 19.00 18.97 19.19 19.38 19.39 19.42 19.56 19.64 19.40 19.25
18.34 18.45 18.22 18.37 18.40 18.28 18.25 18.22 18.19 18.28 18.42 18.64 18.46 18.41 18.69 18.73 18.66 18.56 18.72 18.79 18.87 18.88 19.06 19.16 19.07 18.98 19.13 19.23 19.29 19.25 19.30 19.22 19.15 19.21 19.27 19.33 19.29 19.25 19.35 19.34 19.35 19.36 19.47 19.49 19.50 19.48 19.42 19.43 19.35 19.18 19.08 19.15 19.25 19.14 19.10 19.11 19.08 18.91 19.09 19.02 19.13 19.14 19.14 19.10 19.09 19.11 18.90 19.07 19.05 19.20 19.23 19.35 19.39 19.24 19.37 19.26 19.14
18.26 18.29 18.19 18.29 18.32 18.17 18.12 18.10 18.24 18.26 18.37 18.46 18.39 18.46 18.50 18.60 18.62 18.45 18.39 18.63 18.75 18.89 19.06 19.22 19.20 19.11 19.10 19.23 19.28 19.08 19.12 19.08 19.07 19.17 19.22 19.21 19.17 19.13 19.11 19.23 19.32 19.22 19.25 19.28 19.48 19.48 19.42 19.29 19.36 19.12 19.19 19.23 19.21 19.27 19.23 19.14 19.03 19.07 19.00 19.04 18.92 19.01 19.13 18.94 18.99 18.98 18.91 19.04 19.08 19.10 19.09 19.15 19.20 19.24 19.34 19.33 19.41
18.32 18.26 18.15 18.29 18.21 18.05 17.90 17.89 17.99 18.20 18.32 18.49 18.35 18.31 18.53 18.48 18.40 18.52 18.50 18.68 18.58 18.77 18.93 19.17 19.26 19.23 19.12 19.23 19.17 19.10 19.20 19.29 19.06 19.13 19.15 19.31 19.29 19.25 19.29 19.33 19.11 19.18 19.31 19.30 19.48 19.48 19.29 19.29 19.37 19.22 19.40 19.31 19.21 19.20 19.37 19.25 19.01 19.26 19.13 19.13 19.08 19.06 18.84 18.89 19.07 19.04 18.93 18.89 19.03 19.10 19.32 19.24 19.13 19.23 19.24 19.26 19.43
18.19 18.24 18.09 18.22 18.09 17.83 17.88 17.89 17.97 18.14 18.13 18.13 18.40 18.42 18.46 18.55 18.49 18.45 18.51 18.59 18.66 18.76 18.78 19.02 19.16 18.97 18.90 19.14 19.04 19.11 19.32 19.35 19.10 19.14 19.10 19.09 19.00 19.15 19.41 19.62 19.33 19.28 19.24 19.26 19.26 19.26 19.18 19.18 19.20 19.35 19.39 19.44 19.41 19.20 19.25 19.38 19.27 19.16 19.11 19.04 19.00 19.09 18.91 18.97 19.22 19.14 19.08 19.18 18.99 19.20 19.25 19.23 19.25 19.12 19.13 19.36 19.36
18.34 18.30 18.01 18.08 18.06 17.88 17.91 17.81 17.90 18.08 18.12 18.23 18.33 18.46 18.38 18.65 18.52 18.65 18.42 18.41 18.55 18.46 18.76 18.87 18.92 18.87 18.98 19.13 18.92 18.98 19.16 19.11 19.10 19.14 19.20 19.05 19.02 19.18 19.53 19.56 19.33 19.25 19.17 19.26 19.02 19.05 19.19 19.25 19.29 19.38 19.39 19.44 19.49 19.33 19.13 19.29 19.33 19.29 19.27 19.42 19.20 19.19 19.10 19.02 19.18 19.25 19.43 19.25 19.03 19.39 19.14 19.12 19.02 19.04 19.10 19.11 19.15
18.23 18.12 17.98 17.93 18.03 17.92 17.84 17.83 17.94 17.88 18.02 18.06 18.05 18.13 18.43 18.49 18.52 18.51 18.48 18.38 18.53 18.63 18.63 18.70 18.88 18.85 18.97 18.97 18.85 18.86 19.08 19.09 19.15 19.06 19.15 19.07 19.04 19.14 19.48 19.44 19.18 19.26 19.12 19.11 18.98 19.03 19.02 19.25 19.25 19.28 19.21 19.36 19.42 19.48 19.32 19.18 19.19 19.23 19.30 19.45 19.42 19.37 19.24 19.28 19.38 19.25 19.15 19.17 19.08 19.04 18.83 18.98 19.05 19.03 19.09 19.15 19.10
18.10 17.96 17.84 17.75 17.86 17.86 17.64 17.66 17.79 17.81 17.90 17.93 17.95 17.98 18.40 18.58 18.52 18.29 18.52 18.45 18.42 18.55 18.44 18.68 18.86 18.80 18.90 18.78 18.89 18.68 18.87 18.87 18.73 18.93 19.01 18.97 18.86 18.91 18.88 19.26 18.99 19.08 19.11 19.13 19.08 18.98 19.04 19.18 19.15 19.18 19.00 19.14 19.21 19.38 19.49 19.43 19.50 19.50 19.44 19.64 19.73 19.47 19.32 19.52 19.54 19.36 19.34 19.10 19.33 19.26 19.03 18.97 19.14 19.18 19.26 19.09 19.03
18.12 17.72 17.59 17.86 17.97 17.84 17.53 17.52 17.76 17.78 17.75 17.90 17.91 17.91 18.15 18.24 18.39 18.24 18.47 18.44 18.50 18.54 18.56 18.46 18.60 18.59 18.70 18.75 18.91 18.90 18.66 18.67 18.81 18.94 18.97 18.84 19.02 18.96 19.03 19.28 19.21 18.99 19.06 19.22 19.40 19.34 19.14 19.13 19.35 19.47 19.50 19.35 19.15 19.32 19.45 19.82 19.55 19.41 19.58 19.73 19.71 19.43 19.42 19.46 19.57 19.42 19.32 19.30 19.19 19.17 19.18 19.15 19.35 19.37 19.36 19.23 18.94
18.24 17.81 17.49 17.68 17.85 17.66 17.75 17.79 17.76 17.68 17.64 17.80 17.81 17.99 18.02 18.25 18.40 18.31 18.39 18.50 18.39 18.59 18.34 18.42 18.37 18.49 18.71 18.85 18.84 18.87 18.86 18.85 18.82 18.90 19.14 19.01 19.09 18.99 19.17 19.12 18.97 18.94 18.97 19.10 19.62 19.49 19.60 19.54 19.47 19.45 19.43 19.63 19.46 19.25 19.42 19.48 19.32 19.49 19.31 19.22 19.12 19.34 19.44 19.57 19.59 19.46 19.32 19.32 19.23 19.47 19.07 19.38 19.40 19.49 19.50 19.22 19.16
18.13 17.99 17.88 17.62 17.55 17.47 17.81 17.74 17.76 17.65 17.52 17.86 17.74 17.86 17.89 17.81 17.98 18.04 18.11 18.27 18.39 18.21 18.11 18.41 18.29 18.43 18.65 18.75 18.79 18.49 18.67 18.83 18.72 18.82 18.96 19.04 18.96 18.71 18.84 19.23 18.85 18.69 18.91 18.97 19.02 19.58 19.52 19.56 19.50 19.30 19.44 19.45 19.51 19.33 19.32 19.32 19.37 19.49 19.47 19.21 19.31 19.41 19.56 19.68 19.64 19.56 19.32 19.44 19.28 19.43 19.26 19.38 19.52 19.41 19.45 19.19 19.17
17.66 17.96 17.79 17.75 17.35 17.32 17.85 17.66 17.72 17.60 17.49 17.59 17.71 17.76 17.92 17.90 17.92 17.94 18.04 18.12 18.07 18.05 18.01 18.22 18.19 18.52 18.58 18.58 18.78 18.66 18.49 18.68 18.75 18.80 18.79 18.73 18.90 18.79 18.93 18.93 18.65 18.59 18.75 18.75 19.02 19.41 19.48 19.63 19.67 19.31 19.49 19.62 19.42 19.46 19.27 19.48 19.51 19.42 19.32 19.29 19.29 19.53 19.62 19.64 19.50 19.69 19.63 19.59 19.33 19.33 19.36 19.28 19.58 19.54 19.33 19.24 19.33
17.70 17.61 17.63 17.54 17.27 17.40 17.92 17.86 17.68 17.40 17.36 17.49 17.53 17.75 17.94 17.91 17.99 17.99 17.99 17.87 18.00 18.11 18.15 18.04 18.11 18.22 18.56 18.53 18.67 18.73 18.57 18.66 18.88 18.75 18.79 18.84 18.99 18.87 18.99 18.91 18.81 18.72 18.83 18.79 18.94 19.08 19.48 19.55 19.44 19.56 19.56 19.57 19.31 19.37 19.53 19.58 19.45 19.51 19.18 19.35 19.36 19.52 19.45 19.62 19.57 19.80 19.71 19.65 19.55 19.33 19.40 19.48 19.55 19.69 19.43 19.54 19.40
17.55 17.38 17.32 17.36 17.46 17.60 17.94 17.78 17.63 17.34 17.40 17.57 17.59 17.66 17.82 18.03 18.01 17.90 18.03 18.02 17.93 17.87 18.09 18.07 18.02 18.03 18.20 18.42 18.60 18.85 18.55 18.65 18.78 18.80 18.76 18.81 18.82 18.89 18.97 18.95 18.74 18.78 18.65 18.70 18.74 18.87 19.07 19.32 19.29 19.24 19.29 19.20 19.37 19.06 19.15 19.18 19.14 19.36 19.30 19.22 19.35 19.21 19.17 19.49 19.77 19.72 19.80 19.77 19.59 19.46 19.34 19.50 19.59 19.65 19.52 19.36 19.44
17.54 17.25 17.28 17.45 17.46 17.72 17.90 17.66 17.48 17.59 17.46 17.56 17.57 17.65 17.86 17.84 17.88 17.83 17.72 17.91 17.78 17.91 17.97 17.69 17.72 17.97 18.00 18.27 18.41 18.52 18.57 18.56 18.60 18.69 18.61 18.61 18.86 18.88 18.86 18.86 18.70 18.62 18.60 18.70 18.82 19.09 19.07 19.12 19.16 19.26 19.28 19.14 19.11 19.13 19.27 19.16 19.13 19.16 19.19 19.22 19.38 19.24 19.38 19.65 19.85 19.71 19.44 19.55 19.49 19.43 19.24 19.61 19.33 19.50 19.80 19.48 19.39
17.23 17.26 17.44 17.50 17.61 17.59 17.78 17.61 17.48 17.51 17.56 17.77 17.78 17.77 17.67 17.72 17.70 17.69 17.58 17.54 17.62 17.65 17.85 17.80 17.83 17.89 17.99 18.19 18.24 18.20 18.25 18.55 18.50 18.57 18.40 18.60 18.48 18.74 18.76 18.89 18.69 18.69 18.66 18.66 18.84 18.94 19.06 19.14 19.14 19.13 19.30 19.21 19.09 19.19 19.30 19.18 19.13 19.26 19.18 19.24 19.48 19.30 19.43 19.44 19.72 19.65 19.28 19.41 19.50 19.54 19.41 19.35 19.31 19.42 19.74 19.71 19.51
17.11 17.07 17.34 17.64 17.62 17.60 17.74 17.62 17.67 17.68 17.82 17.85 17.83 17.85 17.79 17.93 17.71 17.63 17.67 17.56 17.60 17.49 17.80 17.91 17.97 17.69 17.98 18.21 18.11 18.36 18.25 18.37 18.39 18.24 18.45 18.47 18.43 18.61 18.63 18.75 18.50 18.48 18.41 18.48 18.62 18.74 18.84 18.97 18.94 18.90 18.94 18.99 19.12 19.25 19.23 19.16 19.24 19.22 19.30 19.34 19.24 19.66 19.54 19.67 19.51 19.32 19.29 19.22 19.36 19.39 19.49 19.49 19.29 19.49 19.67 19.69 19.80
16.82 16.87 17.34 17.73 17.70 17.69 17.82 17.62 17.91 17.78 17.78 17.70 18.04 18.18 18.00 17.91 17.81 17.59 17.51 17.58 17.68 17.65 17.65 17.80 17.90 17.69 17.96 17.92 18.08 18.18 17.97 18.04 18.36 18.39 18.33 18.32 18.49 18.52 18.47 18.64 18.38 18.19 18.29 18.43 18.44 18.48 18.63 18.78 18.81 18.89 18.87 18.91 19.14 19.14 19.29 19.22 19.20 19.23 19.27 19.26 19.25 19.58 19.58 19.57 19.04 19.21 19.29 19.28 19.24 19.27 19.47 19.51 19.44 19.40 19.37 19.66 20.03
16.78 17.09 17.32 17.61 17.68 17.76 17.69 17.58 17.60 17.89 17.64 17.59 17.91 18.07 17.73 17.70 17.68 17.72 17.93 17.70 17.67 17.63 17.78 17.72 17.75 17.71 18.07 18.12 18.06 18.07 18.08 17.90 18.07 18.14 18.16 18.25 18.30 18.29 18.31 18.45 18.14 18.22 18.36 18.36 18.51 18.55 18.66 18.61 18.82 18.73 18.79 18.75 19.01 19.12 19.18 19.20 19.31 19.15 19.13 19.29 19.40 19.43 19.31 19.36 19.24 19.32 19.25 19.28 19.33 19.32 19.39 19.55 19.56 19.53 19.52 19.65 19.92
16.78 17.02 17.23 17.40 17.69 17.80 17.52 17.55 17.42 17.50 17.46 17.58 17.77 17.69 17.40 17.28 17.16 17.37 17.25 17.29 17.73 17.64 17.72 17.59 17.80 17.74 17.93 17.83 17.82 17.88 17.83 17.65 17.80 18.19 18.07 17.86 18.09 18.08 17.94 18.19 17.98 18.08 18.18 18.44 18.44 18.54 18.55 18.53 18.65 18.72 18.79 18.92 18.96 18.93 19.04 19.16 19.17 19.07 19.22 19.23 19.30 19.30 19.19 19.34 19.32 19.31 19.37 19.37 19.40 19.40 19.33 19.37 19.49 19.46 19.61 19.87 20.01
16.62 16.83 17.07 17.25 17.65 17.80 17.61 17.35 17.43 17.47 17.59 17.75 17.99 17.74 17.62 17.38 17.29 17.33 17.21 17.32 17.55 17.60 17.57 17.37 17.77 17.68 17.60 17.66 17.72 17.62 17.68 17.72 17.88 17.83 17.95 17.92 17.98 18.10 18.12 18.23 18.22 18.07 18.32 18.23 18.34 18.41 18.46 18.51 18.61 18.59 18.57 18.75 18.93 18.95 19.02 18.97 19.05 19.02 19.17 19.12 19.02 19.12 18.95 19.13 19.28 19.45 19.22 19.39 19.40 19.35 19.15 19.25 19.40 19.47 19.67 19.73 19.72
16.58 16.85 17.24 17.23 17.33 17.56 17.37 17.40 17.45 17.48 17.76 17.84 17.84 17.81 17.91 17.77 17.66 17.46 17.41 17.22 17.47 17.54 17.58 17.57 17.69 17.73 17.62 17.35 17.34 17.51 17.65 17.61 17.71 17.83 17.89 17.99 18.07 18.03 18.08 18.15 18.26 18.04 18.03 18.01 18.23 18.26 18.44 18.62 18.66 18.33 18.43 18.60 18.85 18.95 19.08 18.96 18.85 18.96 19.00 19.06 18.86 18.93 19.32 19.22 19.28 19.31 19.28 19.31 19.55 19.49 19.26 19.28 19.34 19.40 19.50 19.66 19.51
16.78 16.95 16.98 17.15 17.23 17.35 17.33 17.53 17.51 17.51 17.52 17.29 17.43 17.52 17.59 17.53 17.61 17.56 17.47 17.59 17.60 17.69 17.72 17.61 17.70 17.60 17.60 17.44 17.39 17.41 17.44 17.45 17.56 17.77 17.93 17.96 18.19 17.84 18.06 18.09 17.99 17.83 17.95 17.86 17.97 18.21 18.34 18.25 18.35 18.28 18.55 18.61 18.86 18.89 19.00 19.06 18.84 18.94 18.92 19.00 19.12 19.22 19.41 19.24 19.10 19.25 19.40 19.31 19.34 19.50 19.33 19.22 19.21 19.22 19.40 19.61 19.56
17.18 16.95 16.73 16.88 16.98 17.23 17.29 17.30 17.39 17.70 17.70 17.56 17.53 17.56 17.51 17.73 17.72 17.56 17.39 17.50 17.61 17.46 17.57 17.60 17.47 17.30 17.46 17.41 17.38 17.21 17.32 17.51 17.58 17.58 17.70 17.68 17.93 17.90 18.05 18.04 18.13 17.97 17.86 17.99 18.04 18.15 18.24 18.27 18.33 18.29 18.56 18.57 18.73 18.72 18.97 18.85 18.74 18.82 18.79 18.95 19.05 19.16 19.41 19.39 19.33 19.26 19.21 19.16 19.24 19.63 19.64 19.49 19.43 19.47 19.42 19.54 19.54
17.05 16.87 16.78 16.84 17.07 16.91 17.01 17.22 17.26 17.33 17.54 17.43 17.43 17.57 17.42 17.62 17.72 17.73 17.57 17.44 17.50 17.34 17.39 17.49 17.30 17.25 17.46 17.35 17.16 17.17 17.21 17.42 17.47 17.35 17.47 17.46 17.70 17.80 17.95 17.96 18.01 18.00 17.89 17.89 18.21 18.43 18.33 18.23 18.38 18.52 18.46 18.44 18.62 18.86 18.88 18.93 18.99 18.99 19.17 19.16 18.98 19.21 19.38 19.44 19.42 19.24 19.10 19.09 19.30 19.53 19.59 19.66 19.62 19.48 19.36 19.68 19.59
17.03 16.77 16.69 16.84 17.12 16.96 17.08 17.18 17.11 17.15 17.23 17.48 17.39 17.44 17.63 17.81 17.58 17.64 17.60 17.43 17.33 17.21 17.27 17.20 17.32 17.27 17.25 17.12 17.02 17.07 17.16 17.30 17.53 17.63 17.48 17.43 17.54 17.66 17.70 17.86 18.12 18.16 18.03 18.04 18.41 18.50 18.28 18.25 18.35 18.58 18.49 18.46 18.54 18.85 18.92 19.09 19.00 19.15 19.18 19.05 19.05 19.03 19.18 19.38 19.43 19.26 19.27 19.45 19.51 19.28 19.42 19.40 19.61 19.63 19.56 19.58 19.61
16.91 16.77 16.75 16.89 16.86 16.94 17.22 17.11 17.08 17.26 17.35 17.16 17.27 17.31 17.49 17.58 17.53 17.36 17.56 17.47 17.20 17.24 17.14 17.16 17.21 17.29 17.15 17.07 17.09 17.21 17.36 17.41 17.67 17.51 17.43 17.42 17.55 17.85 17.80 17.96 18.19 18.22 18.18 18.23 18.22 18.30 18.29 18.39 18.22 18.24 18.47 18.56 18.62 18.78 18.93 18.93 19.05 19.12 19.09 18.97 19.22 19.14 19.13 19.15 19.08 19.32 19.34 19.39 19.27 19.25 19.32 19.32 19.34 19.50 19.71 19.56 19.47
17.05 16.95 16.95 16.98 16.99 17.17 17.29 17.41 17.19 17.18 17.16 17.23 17.31 17.16 17.28 17.39 17.40 17.32 17.51 17.33 17.27 17.26 17.10 17.05 17.17 17.07 17.02 17.24 17.38 17.51 17.47 17.55 17.79 17.67 17.75 17.56 17.85 17.89 17.83 17.92 18.22 18.31 18.38 18.29 18.35 18.34 18.31 18.23 18.18 18.37 18.53 18.60 18.77 18.79 18.91 19.09 19.05 19.10 19.06 19.00 19.14 19.09 19.14 19.08 19.15 19.39 19.08 19.00 18.98 19.05 19.18 19.30 19.48 19.45 19.57 19.52 19.49
16.84 16.85 16.99 17.26 17.22 17.34 17.61 17.49 17.35 17.25 17.38 17.13 17.02 17.01 17.19 17.36 17.51 17.44 17.49 17.26 17.39 17.23 17.25 17.14 17.04 17.01 17.12 17.22 17.29 17.54 17.47 17.63 17.63 17.89 17.78 17.87 17.77 17.77 17.85 17.73 17.96 18.18 18.20 18.28 18.26 18.24 18.15 18.24 18.31 18.37 18.67 18.74 18.75 18.78 18.88 18.72 18.62 18.80 18.85 18.81 18.94 18.98 19.16 18.99 19.02 19.26 19.23 19.02 19.12 19.05 19.32 19.43 19.49 19.55 19.51 19.37 19.27
17.04 16.90 16.99 17.27 17.11 17.28 17.44 17.43 17.42 17.31 17.19 17.08 17.02 17.06 17.29 17.42 17.19 17.29 17.25 17.20 17.41 17.30 17.13 17.07 17.11 17.04 17.32 17.32 17.27 17.52 17.60 17.62 17.65 17.87 17.86 17.96 17.80 17.85 17.95 17.98 17.99 17.99 18.08 18.06 18.05 18.14 18.19 18.29 18.26 18.50 18.51 18.63 18.68 18.75 18.81 18.78 18.64 18.74 18.74 18.77 18.70 18.86 19.14 18.97 18.88 18.97 19.07 19.09 19.08 19.10 19.09 19.29 19.34 19.40 19.47 19.51 19.27
17.25 17.02 16.99 17.27 17.11 17.28 17.46 17.47 17.59 17.25 17.17 17.17 17.07 17.04 17.26 17.61 17.49 17.49 17.25 17.12 17.29 17.34 17.09 17.06 16.96 17.04 17.09 17.22 17.41 17.61 17.62 17.69 17.77 17.86 17.89 17.69 17.82 17.74 17.80 17.90 17.90 17.62 17.83 17.79 18.02 18.10 18.32 18.21 18.21 18.50 18.54 18.38 18.38 18.42 18.56 18.62 18.59 18.58 18.58 18.46 18.59 18.82 19.08 19.06 19.08 19.03 19.20 19.13 19.11 19.29 19.15 19.25 19.30 19.48 19.56 19.38 19.34
17.25 17.02 16.99 16.99 17.11 17.46 17.46 17.47 17.44 17.45 17.30 17.38 17.11 17.17 17.38 17.40 17.33 17.51 17.36 17.33 17.21 17.06 17.06 17.01 16.87 16.89 16.95 16.97 17.36 17.32 17.45 17.54 17.34 17.62 17.58 17.56 17.79 17.54 17.44 17.55 17.51 17.55 17.75 17.89 18.08 18.04 18.20 18.23 18.21 18.31 18.34 18.28 18.29 18.19 18.26 18.39 18.44 18.53 18.64 18.54 18.58 18.67 19.06 19.06 19.11 19.06 19.08 19.15 19.08 19.22 19.34 19.15 19.26 19.38 19.40 19.30 19.33
17.29 17.02 16.99 17.59 17.59 17.46 17.46 17.38 17.38 17.43 17.39 17.28 17.10 17.13 17.38 17.23 17.32 17.35 17.37 17.40 17.33 17.27 17.11 17.13 16.86 16.86 16.97 17.05 17.10 17.11 17.09 17.22 17.16 17.30 17.58 17.56 17.77 17.58 17.32 17.35 17.23 17.35 17.56 17.86 17.82 17.93 18.15 18.19 18.23 18.19 18.17 18.22 18.22 18.20 18.20 18.19 18.37 18.41 18.63 18.56 18.63 18.65 18.78 18.85 18.81 18.80 19.03 19.06 19.13 19.02 19.05 19.35 19.27 19.35 19.46 19.46 19.54
17.29 17.44 17.44 17.59 17.59 17.59 16.85 17.54 17.54 17.58 17.45 17.39 17.29 17.07 17.30 17.28 17.23 17.16 17.24 17.19 17.19 17.25 17.05 17.12 16.99 16.85 17.07 17.02 17.00 17.27 17.20 17.25 17.27 17.38 17.39 17.42 17.57 17.24 17.27 17.33 17.39 17.53 17.84 17.82 17.94 17.91 18.20 18.20 18.12 18.11 18.02 18.06 18.18 18.19 18.23 18.19 18.31 18.54 18.62 18.67 18.62 18.68 18.53 18.74 18.85 18.81 18.82 19.01 19.14 18.87 18.93 19.20 19.29 19.44 19.55 19.58 19.61
