solar.daily.grid
ncols 839
nrows 679
xllcenter 112.0500
yllcenter -43.9500
cellsize 0.0500
nodata_value -99.9900
[rows 510 to 543 of 679, columns 616 to 692 of 839]
17.95 17.84 17.89 17.78 17.70 17.79 17.69 17.76 17.87 17.88 17.91 17.86 17.93 17.94 17.73 17.86 17.76 17.56 17.51 17.53 17.73 17.74 17.92 17.80 17.68 17.72 17.77 17.75 17.71 17.82 17.68 17.63 17.71 17.54 17.68 17.57 17.64 17.71 17.52 17.46 17.62 17.49 17.50 17.52 17.77 17.71 17.69 17.75 17.78 17.78 17.78 17.85 17.91 17.78 17.90 17.86 17.85 17.81 17.77 17.90 17.91 17.84 17.73 17.72 17.80 17.83 17.86 17.85 17.81 17.76 17.87 17.82 17.88 17.89 17.77 17.83 17.83
17.78 17.79 17.85 17.81 17.72 17.73 17.63 17.62 17.74 17.67 17.72 17.85 17.94 17.98 17.96 17.88 17.78 17.55 17.44 17.14 17.64 17.91 17.88 17.90 17.95 17.84 17.84 17.82 17.69 17.66 17.67 17.76 17.67 17.57 17.44 17.51 17.62 17.54 17.60 17.67 17.48 17.41 17.51 17.51 17.75 17.65 17.64 17.82 17.68 17.74 17.69 17.75 17.83 17.92 17.79 17.80 17.86 17.91 17.90 17.92 17.91 17.87 17.78 17.71 17.77 17.82 17.84 17.81 17.83 17.83 17.78 17.81 17.85 17.87 17.88 17.81 17.83
17.71 17.60 17.81 17.71 17.86 17.78 17.79 17.69 17.67 17.82 17.75 17.74 18.00 18.05 18.06 18.08 17.75 17.63 17.65 17.30 17.63 17.83 17.79 17.85 17.79 17.69 17.79 17.68 17.59 17.61 17.58 17.53 17.61 17.57 17.56 17.40 17.45 17.44 17.53 17.48 17.51 17.45 17.43 17.54 17.65 17.71 17.65 17.75 17.62 17.66 17.69 17.74 17.76 17.69 17.77 17.78 17.84 17.84 17.88 17.90 17.88 17.87 17.80 17.80 17.73 17.78 17.80 17.80 17.83 17.80 17.76 17.83 17.83 17.86 17.86 17.88 17.88
17.74 17.70 17.75 17.82 17.77 17.66 17.72 17.71 17.80 17.77 17.71 17.54 17.95 18.02 17.91 17.89 17.52 17.58 17.80 17.77 17.77 17.75 17.81 17.76 17.69 17.67 17.80 17.65 17.52 17.62 17.57 17.51 17.63 17.81 17.65 17.67 17.55 17.26 17.46 17.48 17.56 17.65 17.38 17.64 17.68 17.75 17.60 17.72 17.68 17.86 17.79 17.70 17.81 17.78 17.70 17.80 17.85 17.86 17.87 17.86 17.84 17.64 17.84 17.80 17.72 17.76 17.80 17.77 17.80 17.78 17.75 17.74 17.81 17.82 17.84 17.85 17.85
17.71 17.70 17.74 17.80 17.77 17.58 17.77 17.76 17.78 17.79 17.67 17.54 17.88 17.92 17.76 17.56 17.62 17.85 17.71 17.90 17.75 17.96 17.76 17.71 17.75 17.71 17.77 17.76 17.55 17.52 17.60 17.56 17.59 17.82 17.70 17.64 17.68 17.56 17.55 17.70 17.75 17.81 17.48 17.58 17.57 17.59 17.60 17.60 17.54 17.66 17.73 17.67 17.69 17.68 17.70 17.66 17.74 17.72 17.79 17.80 17.86 17.82 17.77 17.82 17.72 17.78 17.79 17.77 17.78 17.79 17.76 17.77 17.77 17.79 17.82 17.84 17.85
17.68 17.72 17.72 17.73 17.67 17.52 17.73 17.65 17.63 17.58 17.55 17.67 17.85 17.86 17.74 17.74 17.86 17.77 17.71 17.72 17.79 17.85 17.71 17.74 17.77 17.75 17.75 17.80 17.73 17.65 17.51 17.56 17.55 17.59 17.65 17.69 17.64 17.71 17.61 17.64 17.64 17.63 17.49 17.50 17.53 17.57 17.59 17.58 17.53 17.57 17.71 17.67 17.60 17.67 17.72 17.66 17.77 17.74 17.83 17.82 17.82 17.82 17.57 17.70 17.76 17.77 17.74 17.75 17.75 17.76 17.76 17.76 17.76 17.72 17.77 17.82 17.83
17.68 17.73 17.73 17.78 17.62 17.68 17.72 17.75 17.72 17.54 17.50 17.67 17.67 17.70 17.84 17.75 17.98 17.93 17.84 17.79 17.77 17.80 17.71 17.73 17.81 17.80 17.75 17.74 17.74 17.70 17.70 17.60 17.55 17.53 17.67 17.68 17.49 17.55 17.70 17.60 17.67 17.66 17.45 17.44 17.52 17.55 17.57 17.58 17.58 17.66 17.64 17.80 17.81 17.81 17.73 17.66 17.65 17.63 17.79 17.79 17.80 17.79 17.77 17.75 17.73 17.74 17.74 17.73 17.71 17.74 17.75 17.72 17.75 17.75 17.74 17.76 17.79
17.67 17.66 17.77 17.72 17.82 17.80 17.77 17.70 17.56 17.57 17.35 17.43 17.46 17.61 17.59 17.60 17.58 17.71 17.75 17.71 17.58 17.81 17.76 17.69 17.77 17.74 17.68 17.52 17.59 17.55 17.58 17.60 17.48 17.55 17.57 17.54 17.72 17.57 17.58 17.50 17.64 17.61 17.38 17.49 17.47 17.44 17.62 17.75 17.75 17.76 17.80 17.78 17.74 17.71 17.68 17.66 17.73 17.56 17.66 17.75 17.78 17.76 17.74 17.75 17.74 17.73 17.71 17.71 17.69 17.68 17.71 17.71 17.73 17.73 17.73 17.73 17.74
17.71 17.70 17.64 17.76 17.72 17.66 17.75 17.61 17.61 17.51 17.30 17.38 17.49 17.71 17.63 17.72 17.59 17.65 17.73 17.71 17.51 17.73 17.66 17.70 17.68 17.69 17.68 17.53 17.37 17.52 17.73 17.73 17.68 17.45 17.63 17.54 17.64 17.63 17.69 17.70 17.52 17.44 17.29 17.56 17.69 17.66 17.77 17.77 17.72 17.77 17.77 17.71 17.71 17.70 17.68 17.71 17.69 17.62 17.61 17.62 17.65 17.66 17.66 17.60 17.52 17.51 17.61 17.68 17.67 17.67 17.69 17.70 17.57 17.65 17.60 17.62 17.56
17.61 17.61 17.49 17.63 17.65 17.70 17.69 17.64 17.51 17.62 17.35 17.46 17.66 17.58 17.74 17.77 17.68 17.61 17.58 17.59 17.31 17.71 17.77 17.76 17.67 17.73 17.60 17.62 17.52 17.47 17.67 17.32 17.31 17.44 17.53 17.49 17.56 17.51 17.63 17.59 17.40 17.33 17.50 17.59 17.70 17.70 17.70 17.71 17.67 17.68 17.71 17.68 17.64 17.63 17.69 17.71 17.72 17.70 17.70 17.70 17.69 17.70 17.70 17.60 17.52 17.51 17.61 17.58 17.50 17.51 17.60 17.57 17.63 17.65 17.66 17.67 17.54
17.53 17.53 17.43 17.45 17.58 17.59 17.66 17.64 17.49 17.45 17.40 17.49 17.59 17.45 17.67 17.69 17.69 17.62 17.73 17.61 17.79 17.74 17.71 17.61 17.61 17.68 17.69 17.63 17.49 17.46 17.20 17.12 17.26 17.23 17.47 17.47 17.61 17.66 17.48 17.52 17.40 17.45 17.58 17.66 17.67 17.67 17.60 17.72 17.70 17.64 17.64 17.67 17.67 17.66 17.68 17.69 17.69 17.68 17.67 17.69 17.70 17.70 17.69 17.67 17.65 17.65 17.63 17.63 17.56 17.61 17.62 17.62 17.62 17.64 17.65 17.66 17.64
17.52 17.60 17.50 17.39 17.53 17.76 17.65 17.55 17.57 17.43 17.37 17.43 17.43 17.46 17.47 17.56 17.61 17.57 17.59 17.60 17.62 17.56 17.53 17.71 17.60 17.60 17.67 17.64 17.30 17.58 17.44 17.37 17.40 17.35 17.29 17.46 17.54 17.52 17.55 17.51 17.50 17.60 17.49 17.56 17.51 17.59 17.53 17.60 17.53 17.59 17.65 17.57 17.65 17.63 17.65 17.60 17.54 17.65 17.64 17.66 17.66 17.66 17.67 17.65 17.63 17.62 17.63 17.63 17.53 17.60 17.61 17.62 17.62 17.62 17.62 17.58 17.41
17.65 17.54 17.60 17.55 17.41 17.49 17.61 17.63 17.56 17.45 17.52 17.41 17.43 17.54 17.49 17.51 17.33 17.32 17.29 17.56 17.47 17.42 17.58 17.57 17.63 17.67 17.58 17.61 17.20 17.49 17.48 17.38 17.35 17.26 17.39 17.53 17.55 17.51 17.62 17.58 17.57 17.50 17.56 17.60 17.51 17.57 17.55 17.41 17.39 17.52 17.53 17.53 17.61 17.62 17.63 17.52 17.54 17.61 17.61 17.63 17.61 17.61 17.61 17.63 17.61 17.61 17.60 17.58 17.55 17.55 17.59 17.60 17.60 17.61 17.53 17.52 17.56
17.58 17.64 17.52 17.06 17.37 17.54 17.71 17.52 17.56 17.49 17.49 17.27 17.49 17.52 17.33 17.40 17.38 17.36 17.27 17.37 17.41 17.36 17.43 17.37 17.55 17.63 17.69 17.55 17.38 17.38 17.36 17.31 17.35 17.43 17.46 17.44 17.40 17.48 17.57 17.58 17.50 17.42 17.48 17.45 17.53 17.58 17.53 17.48 17.47 17.38 17.29 17.53 17.59 17.46 17.53 17.52 17.57 17.57 17.59 17.59 17.59 17.58 17.58 17.57 17.58 17.57 17.50 17.34 17.41 17.49 17.57 17.57 17.58 17.57 17.39 17.32 17.50
17.61 17.64 17.55 16.69 17.14 17.46 17.48 17.44 17.47 17.50 17.44 17.48 17.42 17.45 17.39 17.31 17.21 17.27 17.18 17.23 17.24 17.49 17.44 17.42 17.45 17.54 17.59 17.63 17.44 17.40 17.43 17.33 17.33 17.44 17.46 17.43 17.47 17.48 17.45 17.40 17.46 17.40 17.43 17.41 17.41 17.46 17.50 17.46 17.41 17.31 17.34 17.38 17.48 17.52 17.45 17.53 17.54 17.55 17.57 17.58 17.58 17.57 17.57 17.53 17.55 17.55 17.54 17.40 17.37 17.49 17.53 17.53 17.55 17.55 17.48 17.39 17.37
17.63 17.55 17.48 17.37 17.47 17.52 17.51 17.44 17.42 17.53 17.35 17.46 17.44 17.34 17.35 17.28 17.56 17.41 17.52 17.56 17.28 17.45 17.62 17.47 17.50 17.56 17.68 17.56 17.47 17.41 17.51 17.38 17.36 17.51 17.57 17.58 17.41 17.35 17.35 17.42 17.38 17.31 17.37 17.38 17.35 17.40 17.39 17.36 17.34 17.39 17.30 17.32 17.35 17.43 17.49 17.48 17.51 17.52 17.53 17.53 17.54 17.54 17.53 17.52 17.52 17.53 17.53 17.30 17.41 17.49 17.44 17.47 17.50 17.51 17.47 17.33 17.46
17.53 17.51 17.45 17.33 17.47 17.40 17.40 17.40 17.48 17.51 17.42 17.49 17.37 17.33 17.35 17.28 17.37 17.40 17.59 17.21 17.26 17.27 17.52 17.48 17.41 17.51 17.49 17.48 17.46 17.49 17.39 17.37 17.40 17.34 17.49 17.39 17.32 17.33 17.32 17.42 17.42 17.35 17.36 17.31 17.35 17.30 17.29 17.33 17.35 17.30 17.29 17.22 17.27 17.25 17.44 17.48 17.48 17.47 17.48 17.47 17.47 17.49 17.48 17.47 17.49 17.44 17.43 17.47 17.28 17.46 17.40 17.43 17.41 17.46 17.28 17.31 17.45
17.42 17.44 17.42 17.36 17.30 17.39 17.43 17.10 17.31 17.44 17.44 17.38 17.34 17.37 17.32 17.37 17.40 17.52 17.38 17.15 17.26 17.28 17.44 17.51 17.46 17.54 17.39 17.44 17.33 17.41 17.35 17.43 17.42 17.32 17.43 17.34 17.37 17.33 17.38 17.39 17.27 17.22 17.20 17.26 17.27 17.24 17.12 17.27 17.26 17.29 17.25 17.21 17.36 17.20 17.38 17.38 17.44 17.44 17.42 17.42 17.44 17.45 17.46 17.44 17.40 17.40 17.22 17.44 17.31 17.42 17.43 17.41 17.42 17.29 17.13 17.48 17.50
17.45 17.44 17.33 17.29 17.31 17.37 17.44 17.14 17.24 17.31 17.38 17.24 17.38 17.44 17.42 17.48 17.42 17.40 17.33 17.21 17.26 17.22 17.27 17.37 17.52 17.47 17.52 17.46 17.28 17.33 17.28 17.25 17.25 17.29 17.34 17.38 17.28 17.29 17.37 17.34 17.18 17.20 17.27 17.31 17.24 17.27 17.16 17.23 17.26 17.25 17.31 17.28 17.38 17.35 17.39 17.37 17.40 17.36 17.40 17.39 17.40 17.41 17.40 17.36 17.41 17.17 16.90 17.44 17.40 17.40 17.41 17.34 17.39 17.31 17.22 17.05 17.40
17.40 17.33 17.25 17.48 17.49 17.30 17.39 17.17 17.31 17.23 17.30 17.25 17.33 17.39 17.40 17.41 17.32 17.25 17.25 17.22 17.20 17.07 17.30 17.40 17.30 17.31 17.33 17.33 17.32 17.38 17.21 17.07 17.18 17.32 17.35 17.29 17.26 17.43 17.36 17.34 17.19 17.28 17.27 17.20 17.20 16.92 16.91 17.23 17.31 17.22 17.19 17.36 17.36 17.38 17.36 17.36 17.34 17.34 17.28 17.30 17.36 17.31 17.33 17.00 17.21 17.21 16.99 17.39 17.38 17.39 17.40 17.38 17.20 17.38 16.86 16.93 16.96
17.18 17.23 17.30 17.32 17.35 17.15 17.30 17.21 17.10 17.10 17.26 17.29 17.27 17.34 17.39 17.26 17.25 17.22 17.22 17.34 17.14 17.28 17.43 17.45 17.27 17.40 17.43 17.29 17.15 17.08 16.97 17.17 17.26 17.30 17.32 17.26 17.34 17.26 17.22 17.34 17.27 17.32 17.22 17.18 16.93 16.86 17.15 17.22 17.14 17.15 17.22 17.30 17.29 17.35 17.32 17.30 17.26 17.28 17.25 17.16 17.21 17.10 17.08 16.82 16.96 16.85 16.63 17.35 17.35 17.37 17.38 17.38 16.79 16.85 17.33 16.88 16.81
17.16 17.16 17.17 17.19 17.22 17.30 17.16 17.13 17.12 17.28 17.31 17.29 17.39 17.32 17.37 17.20 17.21 17.24 17.20 17.22 17.22 17.38 17.51 17.38 17.35 17.36 17.29 17.34 17.23 17.13 17.23 17.34 17.31 17.27 17.30 17.24 17.24 17.33 17.37 17.37 17.30 17.23 17.23 17.06 16.98 17.11 16.99 17.10 17.12 17.35 17.31 17.25 17.26 17.27 17.30 17.27 17.12 17.12 16.93 16.89 16.96 16.80 16.80 16.75 16.73 16.07 16.31 16.93 17.32 17.32 17.35 17.26 16.73 16.81 17.25 17.21 17.03
17.23 17.33 17.42 17.29 17.09 17.14 17.18 17.18 17.05 17.16 17.17 17.31 17.24 17.32 17.24 17.23 17.29 17.25 17.29 17.30 17.33 17.42 17.39 17.36 17.45 17.39 17.36 17.18 17.15 17.12 17.24 17.12 17.10 17.13 17.24 17.29 17.28 17.31 17.39 17.34 17.21 17.14 16.98 16.90 17.00 17.16 17.06 17.12 17.12 17.31 17.27 17.21 17.23 17.16 17.23 17.23 17.06 17.00 16.74 16.40 15.99 16.41 16.74 16.99 16.63 16.12 15.74 16.99 17.09 17.22 17.20 17.16 17.11 17.09 17.14 17.17 17.06
17.32 17.29 17.34 17.42 17.17 17.13 17.16 17.19 17.01 17.25 17.20 17.13 17.23 17.30 17.14 17.17 17.07 17.25 17.23 17.31 17.23 17.15 17.39 17.41 17.36 17.38 17.31 17.09 17.19 17.17 17.15 17.01 17.06 17.10 17.22 17.34 17.21 17.10 17.26 17.01 16.96 16.92 16.93 17.04 17.03 17.06 17.16 17.14 17.25 17.25 17.19 17.17 17.09 17.14 17.19 17.21 17.11 17.04 16.58 15.94 15.65 16.32 16.60 16.58 16.75 16.40 15.95 16.59 17.01 17.07 17.20 17.13 17.26 17.15 17.04 17.05 17.04
17.30 17.28 17.24 17.25 17.17 17.18 17.26 17.18 16.94 17.21 17.27 17.16 17.24 17.28 17.21 17.30 17.13 17.23 17.19 17.10 16.99 17.19 17.37 17.41 17.34 17.38 17.26 17.14 17.14 17.12 16.94 17.06 17.23 17.13 17.27 17.18 17.19 17.11 17.22 17.00 16.92 17.00 16.92 16.92 17.09 17.06 17.15 17.23 17.20 17.19 17.20 17.14 17.14 17.13 17.17 17.14 17.23 17.19 16.87 16.72 16.40 16.52 16.87 16.99 16.44 15.70 15.40 16.62 17.00 17.09 17.07 17.06 17.21 16.97 17.02 17.16 17.14
17.26 17.27 17.13 17.02 17.13 17.23 17.16 17.13 16.99 17.20 17.18 17.11 17.30 17.41 17.23 17.22 17.14 17.19 17.13 17.08 17.13 17.17 17.30 17.32 17.29 17.20 17.18 17.13 17.13 17.08 17.10 17.16 17.09 17.09 17.18 17.11 17.27 17.19 17.12 16.94 16.96 17.05 16.86 16.87 16.95 16.96 17.12 17.15 17.09 17.08 17.12 17.03 17.02 17.04 17.17 17.10 17.17 17.16 17.15 17.07 16.51 16.76 17.02 16.98 16.25 15.73 15.63 16.31 17.00 17.13 17.11 17.10 17.16 17.08 17.10 17.15 17.13
17.24 17.22 17.08 17.03 17.10 17.12 17.14 17.13 17.04 17.10 17.05 17.19 17.24 17.23 17.22 17.22 17.17 17.14 17.13 17.09 17.15 17.26 17.32 17.28 17.31 17.26 17.22 17.24 17.22 17.08 17.12 17.14 17.03 17.10 16.99 17.13 17.12 17.13 17.00 17.00 17.05 16.99 16.80 16.84 16.74 16.91 17.04 17.10 17.11 17.08 17.10 17.09 17.04 17.03 16.92 16.94 17.14 17.16 17.23 17.18 17.07 16.86 16.88 16.96 16.17 15.39 15.91 15.82 16.98 17.08 17.12 17.06 17.06 17.07 17.05 17.10 17.18
17.17 17.15 17.20 17.19 17.18 17.12 17.16 17.12 17.10 17.03 17.16 17.15 17.19 17.14 17.25 17.15 17.06 17.06 17.06 17.17 17.19 17.19 17.17 17.22 17.07 17.13 17.14 17.15 17.26 17.16 17.13 17.05 17.16 17.09 16.99 17.16 17.16 17.06 16.92 17.04 16.88 16.96 16.74 16.54 16.27 16.37 16.56 17.04 16.88 16.75 17.09 17.08 17.09 17.07 17.09 17.03 16.98 17.09 17.12 17.09 16.97 16.94 16.77 16.87 16.80 16.53 16.46 16.17 16.62 17.18 17.14 17.05 17.06 17.09 17.04 17.00 17.09
17.17 17.14 17.09 17.10 17.06 17.08 17.05 17.11 17.14 17.13 17.10 17.20 17.14 17.18 16.97 16.99 17.01 17.01 16.94 17.01 17.09 17.22 17.18 17.03 17.00 16.95 16.97 17.12 17.14 17.14 17.14 17.15 17.20 17.11 17.11 17.17 17.15 17.05 16.94 17.01 16.92 16.84 16.72 16.44 16.03 16.18 16.74 16.89 17.02 16.91 16.79 17.00 17.09 17.17 17.12 17.00 16.89 16.83 16.96 17.15 17.07 17.01 17.11 17.12 17.08 17.00 16.58 16.41 16.80 17.05 17.13 17.16 17.12 17.19 17.06 17.06 17.05
17.15 17.08 17.08 17.13 17.12 17.07 17.09 17.05 17.10 17.14 17.16 17.07 17.09 17.11 16.94 16.92 16.96 16.89 16.93 17.01 17.12 17.22 17.18 16.94 17.02 16.95 17.02 17.13 17.10 17.10 17.15 17.23 17.23 17.17 17.11 17.16 17.17 17.11 17.05 17.02 16.96 16.94 16.79 16.56 16.13 15.06 16.04 16.63 16.91 16.99 16.66 16.98 17.05 16.98 17.00 16.85 16.66 16.61 16.68 16.74 17.06 16.96 17.09 17.12 17.20 17.21 16.97 16.55 16.45 16.29 16.58 17.16 17.19 17.15 17.16 16.77 16.01
17.10 17.10 17.09 17.04 17.13 17.11 17.14 17.15 17.14 17.14 17.03 17.02 17.12 17.06 16.93 17.04 16.89 16.97 16.96 16.96 17.10 17.10 17.23 17.05 17.01 16.98 17.02 17.10 17.07 17.00 17.13 17.19 17.18 17.16 17.13 17.13 17.14 17.06 17.00 16.96 16.93 16.88 16.80 16.70 16.71 15.91 15.30 16.14 16.62 16.70 16.72 16.91 16.78 16.78 16.93 16.83 16.75 16.84 16.91 16.92 16.84 16.80 16.91 16.93 17.00 17.10 16.68 16.75 17.09 16.58 16.53 17.10 17.27 17.14 16.87 15.78 13.71
17.08 17.05 17.13 17.07 17.06 17.06 17.11 17.15 17.22 17.10 17.12 17.09 17.08 17.00 16.95 17.02 16.97 16.97 16.98 17.04 17.04 17.04 17.17 17.10 17.01 17.00 17.07 17.10 16.95 16.96 17.01 17.13 17.11 17.06 17.20 17.10 17.13 17.12 17.00 16.75 16.90 16.91 16.94 16.78 16.76 16.38 15.62 15.78 15.68 15.87 16.31 16.84 16.12 16.27 16.85 16.87 17.04 16.89 16.91 16.86 16.81 16.66 16.68 16.85 17.01 17.02 17.03 17.10 17.15 17.17 17.05 17.05 17.03 16.81 15.36 13.78 10.64
17.11 17.06 17.16 16.98 17.11 17.10 17.07 17.16 17.17 17.17 17.09 17.12 17.19 17.09 16.96 17.00 16.90 17.02 17.06 16.94 17.15 17.15 17.12 17.04 16.98 16.97 17.00 16.95 16.88 16.93 17.01 17.16 17.15 17.17 17.12 17.06 16.99 16.56 16.64 16.93 17.04 16.90 16.88 16.84 16.83 16.24 15.08 15.56 15.46 15.20 16.32 16.39 16.04 15.22 16.21 16.71 16.91 16.92 16.92 16.84 16.76 16.62 16.90 16.68 16.83 16.84 17.00 17.05 17.02 16.88 16.83 17.06 16.92 15.72 12.84 11.58 10.59
17.16 17.09 17.05 17.02 17.16 17.10 17.13 17.09 17.00 17.08 17.16 17.11 17.08 17.06 17.02 17.03 16.97 17.02 17.10 16.98 17.16 17.16 17.11 16.98 17.12 16.91 17.03 16.93 16.95 16.97 17.04 16.97 17.03 16.78 16.65 16.69 15.62 14.15 14.44 15.18 15.93 16.21 16.63 16.80 16.72 16.26 15.14 15.46 15.72 15.58 15.98 15.78 16.00 15.93 15.90 15.59 16.32 16.90 16.95 16.96 16.90 16.70 16.77 16.94 16.71 16.87 17.01 16.95 16.85 16.86 16.52 16.20 14.76 11.49 10.97 10.77 10.26
